Date	NR	WR	SR	ER	NER	Total
01-Aug-17	2.6	8	29.8	1.1	0	41
02-Aug-17	2.6	8.9	26.8	1.1	0	39
03-Aug-17	3.1	9.5	27.9	0.3	0	41
04-Aug-17	2.5	11.2	22.4	0.9	0	37
05-Aug-17	2.8	10.9	24.3	0.7	0	39
06-Aug-17	3.3	9.6	26.7	0.8	0	40
07-Aug-17	0.5	8.2	24.9	0.9	0	35
08-Aug-17	2.4	7.7	25.7	1	0	37
09-Aug-17	2.6	8.3	17.4	1.1	0	29
10-Aug-17	3	10.1	26.3	0.7	0	40
11-Aug-17	3	9.8	24.3	0.4	0	37
12-Aug-17	2.5	9	25.9	0.5	0	38
13-Aug-17	2.5	9.9	20	0.1	0	32
14-Aug-17	0.8	10	23.3	1	0	35
15-Aug-17	3.2	11.9	26.3	0.8	0	42
16-Aug-17	3.7	13.5	26.1	1.1	0	44
17-Aug-17	3.5	13.1	21.4	1.1	0	39
18-Aug-17	3.6	11.5	17.9	1.1	0	34
19-Aug-17	2.9	8.6	17	1.1	0	30
20-Aug-17	3.4	9.1	18.3	1.2	0	32
21-Aug-17	2.8	11.2	26.9	1.1	0	42
22-Aug-17	2.3	10.2	28.4	1	0	42
23-Aug-17	2.8	11.3	31.1	1.1	0	46
24-Aug-17	3.4	10.7	23.3	1.5	0	39
25-Aug-17	3.3	10.7	17.5	1.2	0	33
26-Aug-17	2.7	11.9	22.3	1.1	0	38
27-Aug-17	3.5	10.8	21.4	1	0	37
28-Aug-17	0.6	9.1	18.4	1.8	0	30
29-Aug-17	2.9	8.2	22.3	1	0	34
30-Aug-17	2.6	9.1	30.9	1.1	0	44
31-Aug-17	3.1	10.1	32	0.7	0	46
01-Sep-17	1.6	11.2	31.2	0.6	0	45
02-Sep-17	1.7	10.3	31.5	1.1	0	45
03-Sep-17	2.7	9.1	30.9	1.3	0	44
04-Sep-17	3	11.6	29.1	1.3	0	45
05-Sep-17	3.5	12.4	24.8	1.3	0	42
06-Sep-17	3.9	12.7	21.4	1.3	0	39
07-Sep-17	3.3	13.4	27.9	1.3	0	46
08-Sep-17	4	13	29.8	1.1	0	48
09-Sep-17	3.9	12.7	27.6	1.4	0	46
10-Sep-17	2	12.8	30.8	1.2	0	47
11-Sep-17	2.2	12.6	30.2	1.2	0	46
12-Sep-17	3.4	12.1	33.4	1.2	0	50
13-Sep-17	0.8	13.5	28.8	1	0	44
14-Sep-17	3.7	11.9	28.7	1.1	0	45
15-Sep-17	3.6	11.4	27.8	1	0	44
16-Sep-17	6.6	11	27.9	1.2	0	47
17-Sep-17	9.7	11.5	21	1.2	0	43
18-Sep-17	0.8	9.9	25	0.9	0	37
19-Sep-17	11.3	13.3	28.1	0.3	0	53
20-Sep-17	3.6	12.8	28.9	0.4	0	46
21-Sep-17	11	8	28.9	0.4	0	48
22-Sep-17	3.3	9.9	30.8	0.4	0	44
23-Sep-17	3.3	17.3	33.8	0.6	0	55
24-Sep-17	3	14.8	28.5	0.6	0	47
25-Sep-17	0.9	15.4	23	0.6	0	40
26-Sep-17	3.3	15.6	27.1	0.6	0	47
27-Sep-17	1.2	15.3	25	0.5	0	42
28-Sep-17	4.2	15	23.3	0.6	0	43
29-Sep-17	4.1	15.4	22.8	0.5	0	43
30-Sep-17	4.3	15.8	25.8	0.5	0	46
01-Oct-17	3.4	15.5	28.6	0.5	0	48
02-Oct-17	0.8	15.3	27.7	0.6	0	44
03-Oct-17	0.8	15.7	30	0.8	0	47
04-Oct-17	4.2	15.2	25.6	0.9	0	46
05-Oct-17	4	15.5	23.8	1.1	0	44
06-Oct-17	3.9	14.8	27.1	0.6	0	46
07-Oct-17	4.2	14.7	29.3	0.6	0	49
08-Oct-17	3.7	15.4	28.9	0.8	0	49
09-Oct-17	0.9	13.8	26.8	1.1	0	43
10-Oct-17	3.8	11.6	28.4	0.6	0	44
11-Oct-17	0.8	11.7	30.4	0.6	0	43
12-Oct-17	0.7	8.5	24.1	1.6	0	35
13-Oct-17	3.6	11.9	25.1	1.8	0	42
14-Oct-17	3.8	15	26.8	0.4	0	46
15-Oct-17	4.2	16.3	24.4	0.7	0	46
16-Oct-17	3.8	16.7	24.6	0.8	0	46
17-Oct-17	3.3	16.9	25.4	0.7	0	46
18-Oct-17	4.2	16.7	30.9	0.8	0	53
19-Oct-17	3.7	15.5	33.8	0.6	0	54
20-Oct-17	0.9	14.8	32.7	0.4	0	49
21-Oct-17	3.1	14.1	27.5	0.5	0	45
22-Oct-17	3.8	15.6	32.5	0.7	0	53
23-Oct-17	1.3	16.6	28.9	0.7	0	47
24-Oct-17	1	16.4	28.9	0.7	0	47
25-Oct-17	3.7	16.6	31.3	0.8	0	52
26-Oct-17	2.9	16	28.6	0.8	0	48
27-Oct-17	3.4	15.3	31.4	0.7	0	51
28-Oct-17	3.7	15	30.5	0.6	0	50
29-Oct-17	3.2	14.8	34.3	0.7	0	53
30-Oct-17	3.6	15.4	30	0.6	0	50
31-Oct-17	0.9	15.4	29.2	0.4	0	46
01-Nov-17	3.2	15.2	29	0.7	0	48
02-Nov-17	3.4	15.1	32.1	0.8	0	51
03-Nov-17	3.4	15.1	32	0.7	0	51
04-Nov-17	3.5	14.9	26.9	0.7	0	46
05-Nov-17	3	15	26.8	0.8	0	46
06-Nov-17	2.8	15.6	29	1.3	0	49
07-Nov-17	2.9	15.5	30.8	0.9	0	50
08-Nov-17	2.8	15.4	32.5	0.7	0	51
09-Nov-17	3.1	14.9	36.5	0.7	0	55
10-Nov-17	0.7	14.4	35.7	0.7	0	51
11-Nov-17	2.7	14.3	29.6	0.7	0	47
12-Nov-17	2.8	14.5	30	0.7	0	48
13-Nov-17	0.7	13.9	33.8	0.7	0	49
14-Nov-17	3	13.3	26.9	0.5	0	44
15-Nov-17	0.6	15.4	31	0.3	0	47
16-Nov-17	1.9	13.3	33.5	0.3	0	49
17-Nov-17	2.6	13.1	31.4	0.5	0	48
18-Nov-17	2.1	12.9	27.8	0.5	0	43
19-Nov-17	2.9	12.1	27.2	0.6	0	43
20-Nov-17	0.9	12.1	31.9	0.6	0	46
21-Nov-17	3.1	12.1	29.6	0.7	0	45
22-Nov-17	3.2	14.1	32.7	0.6	0	51
23-Nov-17	3.8	15	33.7	0.7	0	53
24-Nov-17	3.4	16.5	32.4	0.7	0	53
25-Nov-17	3.1	16.1	28.5	0.7	0	48
26-Nov-17	3.5	16.2	29	0.7	0	49
27-Nov-17	3.4	16.1	30.7	0.7	0	51
28-Nov-17	0.7	16	33.5	0.7	0	51
29-Nov-17	0.7	15.3	31.1	0.7	0	48
30-Nov-17	2.9	15.6	25.2	0.7	0	44
01-Dec-17	3.3	14.7	23.9	0.7	0	43
02-Dec-17	3	13.9	27.5	0.6	0	45
03-Dec-17	2.7	13.4	32.6	0.6	0	49
04-Dec-17	0.5	9.3	33.9	0.6	0	44
05-Dec-17	1.7	4	28.9	0.7	0	35
06-Dec-17	0.5	5.6	30	0.6	0	37
07-Dec-17	2.9	11	31.9	0.6	0	46
08-Dec-17	3	12.9	36	0.5	0	52
09-Dec-17	0.7	13.9	36.1	0.4	0	51
10-Dec-17	1.1	14	38	0.5	0	54
11-Dec-17	2.3	14.2	38.9	0.6	0	56
12-Dec-17	2.4	16.1	35.5	0.7	0	55
13-Dec-17	2.6	15.1	33.9	0.7	0.1	52
14-Dec-17	2.3	14.4	35.3	0.6	0	53
15-Dec-17	2.6	13.9	32.6	0.6	0	50
16-Dec-17	0.7	13.5	34.9	0.7	0	50
17-Dec-17	3.1	14.8	36.9	0.6	0	56
18-Dec-17	0.8	14.5	36.1	1.2	0	53
19-Dec-17	2.8	13.2	37.1	0.5	0	54
20-Dec-17	0.6	11.1	38.4	0.7	0	51
21-Dec-17	3.1	13.4	38.8	0.6	0	56
22-Dec-17	1	13.2	39.8	0.5	0	54
23-Dec-17	0.7	13.5	39.8	0.6	0	55
24-Dec-17	3.5	16.3	40.4	0.9	0	61
25-Dec-17	0.8	16.8	37.6	0.6	0	56
26-Dec-17	2.8	17.1	38	0.7	0	59
27-Dec-17	0.6	17	41.1	0.7	0	59
28-Dec-17	0.9	17.2	39.5	1.6	0	59
29-Dec-17	2.8	16.7	39.1	0.7	0	59
30-Dec-17	2.8	15.7	41.2	0.6	0	60
31-Dec-17	0.6	15	43.5	0.9	0	60
01-Jan-18	0.4	15.6	41.6	0.4	0	58
02-Jan-18	3	15.9	37.3	0.6	0	57
03-Jan-18	3.2	16.7	36.8	0.6	0	57
04-Jan-18	2.9	16.2	36.2	0.9	0	56
05-Jan-18	2.9	15.5	39.5	0.7	0	59
06-Jan-18	2.2	15.7	39.7	0.7	0	58
07-Jan-18	3	16	39.7	0.6	0	59
08-Jan-18	0.5	16.2	41.1	0.7	0	59
09-Jan-18	2.6	14.6	37.1	0.7	0	55
10-Jan-18	2.6	14.9	36.6	0.7	0	55
11-Jan-18	2.5	15.1	39.8	0.5	0	58
12-Jan-18	2.8	13.8	37.6	0.6	0	55
13-Jan-18	3	12.3	40.7	0.6	0	57
14-Jan-18	2.9	14.1	43.3	0.6	0	61
15-Jan-18	0.6	16.5	41	0.7	0	59
16-Jan-18	3	17	39.3	0.7	0	60
17-Jan-18	0.7	17.3	41.9	0.7	0	61
18-Jan-18	2.8	17.8	46.1	0.7	0	67
19-Jan-18	7.4	18.2	47.5	0.7	0	74
20-Jan-18	3.3	17.9	45.7	0.7	0	68
21-Jan-18	4.9	17.7	47.4	1.9	0	72
22-Jan-18	0.7	16.6	46.5	0.8	0	65
23-Jan-18	6.8	15.9	42.8	0.6	0	66
24-Jan-18	4.7	17.8	41.1	0.6	0	64
25-Jan-18	5.8	18.2	43.4	0.7	0	68
26-Jan-18	5.5	18.3	44.7	0.3	0	69
27-Jan-18	8	17.9	44	0.7	0	71
28-Jan-18	8.9	17.8	44.4	1.5	0	73
29-Jan-18	6.5	17.3	38.5	0.8	0	63
30-Jan-18	8	18.2	48	0.8	0	75
31-Jan-18	5.6	18.1	50.9	0.8	0	75
01-Feb-18	8.1	17.8	51.5	0.7	0	78
02-Feb-18	6	17.2	51.8	0.7	0	76
03-Feb-18	6	17.2	53.9	0.7	0	78
04-Feb-18	5.4	17.1	49.2	0.7	0	72
05-Feb-18	6.7	13.1	51	0.7	0	72
06-Feb-18	9.3	9.3	45.1	0.8	0	64
07-Feb-18	7.5	12.3	26.7	0.5	0	47
08-Feb-18	5.7	17.7	42	0.8	0	66
09-Feb-18	8.3	17.9	40.2	0.5	0	67
10-Feb-18	8.9	16	32.6	0.6	0	58
11-Feb-18	6.1	14.8	39.2	0.7	0	61
12-Feb-18	4.8	17	44.1	0.5	0	66
13-Feb-18	8.5	16.1	41.5	0.5	0	67
14-Feb-18	6.5	17.1	46.4	0.8	0	71
15-Feb-18	6.3	17.9	45.1	0.9	0	70
16-Feb-18	6.6	18.3	48.3	0.8	0	74
17-Feb-18	6.2	18.4	51.2	1.5	0	77
18-Feb-18	8.5	17.7	51.7	1.8	0	80
19-Feb-18	8.6	17.4	51.5	1.4	0	79
20-Feb-18	9.3	18	49.5	1.3	0	78
21-Feb-18	6	18.1	50.3	1.5	0	76
22-Feb-18	7.9	17.5	49.1	0.8	0	75
23-Feb-18	9	17.7	51	1.4	0	79
24-Feb-18	8.2	14	56.1	0.8	0	79
25-Feb-18	6.3	18.1	58.4	0.7	0	84
26-Feb-18	6.7	18.3	57.4	0.7	0	83
27-Feb-18	6.4	18.4	54.7	0.9	0	81
28-Feb-18	5.7	16.9	52.4	0.9	0	76
01-Mar-18	8.9	16.8	53.2	0.9	0	80
02-Mar-18	9.1	17.9	55.9	2.3	0	85
03-Mar-18	8.4	18.3	53.6	1.4	0	82
04-Mar-18	7.1	16.9	54.4	0.8	0	79
05-Mar-18	6.3	18.1	56.1	0.5	0	81
06-Mar-18	7.4	19.1	55.9	0.8	0	83
07-Mar-18	16.7	16.3	54.1	0.9	0	88
08-Mar-18	19.4	17.2	54.1	0.8	0	92
09-Mar-18	14.5	18.2	51.8	1.2	0	86
10-Mar-18	6.9	17.5	50.3	0.9	0	76
11-Mar-18	7	18.7	48.8	0.8	0	75
12-Mar-18	4	19.3	47.7	0.7	0	72
13-Mar-18	7.1	19.2	48.1	0.8	0.2	75
14-Mar-18	6.2	17	45.9	0.8	0	70
15-Mar-18	8	16.4	38.3	0.5	0	63
16-Mar-18	9	17.8	38.4	0.6	0	66
17-Mar-18	7	19.4	46.2	0.9	0	74
18-Mar-18	9.9	17.7	52.3	1	0	81
19-Mar-18	6.7	14.3	53.1	0.9	0	75
20-Mar-18	9.4	18.8	54.8	0.9	0	84
21-Mar-18	5.6	19.8	53.5	0.7	0	80
22-Mar-18	7.7	20.2	55.2	0.8	0	84
23-Mar-18	7.5	20.2	56.4	0.9	0	85
24-Mar-18	7	20.2	52.7	0.9	0	81
25-Mar-18	10.1	20	53	1.4	0	84
26-Mar-18	10.4	19.8	53.8	0.9	0	85
27-Mar-18	10.3	19.8	51.3	0.9	0	82
28-Mar-18	7.3	20.9	54.1	0.9	0	83
29-Mar-18	8	19.6	51.6	0.8	0	80
30-Mar-18	6.9	21.4	50.3	0.8	0	79
31-Mar-18	7	21.5	50.9	0.8	0	80
01-Apr-18	15.2	21.5	51.9	1.2	0	90
02-Apr-18	15.2	20.4	47	1.2	0	84
03-Apr-18	10.4	20.9	54.6	0.9	0	87
04-Apr-18	11	20.5	54	0.9	0	86
05-Apr-18	14	19.8	51.2	0.8	0	86
06-Apr-18	13	17.9	45	0.8	0	77
07-Apr-18	17.8	19	53	0.7	0	90
08-Apr-18	14.6	18.8	50.3	0.7	0	85
09-Apr-18	11.8	19.8	55.5	0.7	0	88
10-Apr-18	17.6	19.5	56.1	0.8	0	94
11-Apr-18	14.6	18.8	54.6	0.8	0	89
12-Apr-18	18.3	19.4	57.6	0.7	0	96
13-Apr-18	15.1	19.8	56.4	0.9	0	92
14-Apr-18	19.2	20.5	57.9	0.9	0	98
15-Apr-18	15.1	19.1	53.1	0.8	0	88
16-Apr-18	15	20.5	57.2	0.9	0	94
17-Apr-18	14.9	20.6	59.2	0.9	0	96
18-Apr-18	16.3	22.1	59	1.2	0	99
19-Apr-18	19.9	21.7	55.6	0.9	0	98
20-Apr-18	15	21.8	56.3	0.9	0	94
21-Apr-18	17.8	22.7	60.2	0.9	0	102
22-Apr-18	14.5	22.2	55.2	0.9	0	93
23-Apr-18	17.2	22.6	57	0.9	0	98
24-Apr-18	18.2	22.5	57.4	0.9	0	99
25-Apr-18	20.4	22.5	58	0.9	0	102
26-Apr-18	19.4	21.4	57.3	0.8	0	99
27-Apr-18	19.4	20	58.2	0.8	0	98
28-Apr-18	15.7	20.1	58.6	0.8	0	95
29-Apr-18	16.5	21.3	53.7	0.8	0	92
30-Apr-18	16.6	21.3	58.3	0.7	0	97
01-May-18	19.6	21.7	58.9	0.8	0	101
02-May-18	11.1	21.5	57.6	0.9	0	91
03-May-18	17.1	21.7	52.9	0.8	0	92
04-May-18	18.2	20.7	49.9	0.9	0	90
05-May-18	20.6	20.1	53.8	0.9	0	95
06-May-18	21.4	21.1	53.3	0.9	0	97
07-May-18	15.6	22.1	55.5	0.8	0	94
08-May-18	19	21.5	55	0.8	0	96
09-May-18	15.9	21.2	53.7	0.8	0	92
10-May-18	16.3	20.8	51.1	0.7	0	89
11-May-18	19.6	21.3	57.8	0.7	0	99
12-May-18	15.8	21.4	55	0.7	0	93
13-May-18	14.9	20.5	56.7	0.8	0	93
14-May-18	14.3	20.3	53.3	0.7	0	89
15-May-18	17.9	19.6	48.6	0.9	0	87
16-May-18	13.1	19.1	57	1.1	0	90
17-May-18	14.6	19.6	54.9	0.9	0	90
18-May-18	14.5	20.1	53.9	0.7	0	89
19-May-18	15	20.4	55.5	0.8	0	92
20-May-18	19.5	19.6	54.1	0.7	0	94
21-May-18	15.1	19.2	53.5	0.8	0	89
22-May-18	20.1	19.3	53.2	0.8	0	93
23-May-18	15.9	19.1	48.2	0.8	0	84
24-May-18	16.6	19.4	50	0.8	0	87
25-May-18	17.4	20.9	47.8	0.7	0	87
26-May-18	17.1	20.2	52.9	0.9	0	91
27-May-18	21.3	20.7	54.9	0.7	0	98
28-May-18	17.3	20.8	56.6	0.8	0	95
29-May-18	20	19.7	58.4	0.7	0	99
30-May-18	16.3	20	54.5	0.8	0	92
31-May-18	17	18.6	56.8	0.7	0	93
01-Jun-18	18.6	18.8	51.5	0.8	0	90
02-Jun-18	16.1	17.9	39.6	0.9	0	75
03-Jun-18	19.4	18	53.1	0.8	0	91
04-Jun-18	16.2	12.2	54.6	0.8	0	84
05-Jun-18	16.3	19.4	54.3	0.8	0	91
06-Jun-18	15.8	18.8	52.8	0.9	0	88
07-Jun-18	19.5	17.1	45.8	0.5	0	83
08-Jun-18	17.4	17.1	39.5	0.6	0	75
09-Jun-18	15.4	16	37.4	0.7	0	70
10-Jun-18	17.1	17	44.3	0.8	0	79
11-Jun-18	19	16.9	40	0.6	0	77
12-Jun-18	13.8	19.2	50	0.6	0	84
13-Jun-18	14.2	20.3	53.3	0.7	0	89
14-Jun-18	10.2	19.7	52.5	0.8	0	83
15-Jun-18	11.7	19.6	58.4	0.9	0	91
16-Jun-18	13	18.7	59.7	0.8	0	92
17-Jun-18	12	18.2	56.8	0.9	0	88
18-Jun-18	8.8	18	55.1	0.7	0	83
19-Jun-18	16.5	18.1	55.7	0.8	0	91
20-Jun-18	18.6	19.1	59	0.8	0	97
21-Jun-18	14.9	18.1	52.2	0.8	0	86
22-Jun-18	20.9	15.7	38.7	0.8	0	76
23-Jun-18	15.5	16.5	41.5	0.7	0	74
24-Jun-18	20.5	15.9	53.6	0.7	0	91
25-Jun-18	15.3	12.7	53.6	0.7	0.1	82
26-Jun-18	18.5	12.9	51.7	0.3	0	83
27-Jun-18	13.1	13.9	42.6	0.4	0	70
28-Jun-18	14.5	12.2	39.9	0.6	0	67
29-Jun-18	14.2	14.4	48.2	0.7	0	78
30-Jun-18	14	18.3	55.8	0.8	0	89
01-Jul-18	12.5	18.2	49.1	0.5	0	80
02-Jul-18	14.7	17.2	56.6	0.6	0	89
03-Jul-18	15.2	14.8	49.8	0.4	0	80
04-Jul-18	14.4	13.2	51.4	0.5	0	80
05-Jul-18	17.9	13.3	52.6	0.8	0	84
06-Jul-18	16.3	15	42.4	0.6	0	74
07-Jul-18	16.4	15.8	33.7	0.8	0	67
08-Jul-18	19.1	16.5	32.3	0.9	0	69
09-Jul-18	16	14.1	34.2	0.7	0	65
10-Jul-18	15.4	10.5	32.4	0.6	0	59
11-Jul-18	17.5	9.6	29.9	0.6	0	58
12-Jul-18	15.2	8.1	34.2	0.6	0	58
13-Jul-18	14.5	12.1	39.2	0.6	0	66
14-Jul-18	15.1	10.8	34.7	0.6	0	61
15-Jul-18	14	9.9	32.9	0.6	0	57
16-Jul-18	15.4	11.1	31.7	0.5	0	59
17-Jul-18	14.5	10.1	46.4	0.9	0	72
18-Jul-18	13.8	10.6	48.1	0.6	0	73
19-Jul-18	14.4	9.5	44.2	0.9	0	69
20-Jul-18	12.3	8.5	36.9	0.6	0	58
21-Jul-18	13.9	10.4	41.2	0.4	0	66
22-Jul-18	12.2	8.8	39.8	0.3	0	61
23-Jul-18	11.8	6.1	43.7	0.4	0	62
24-Jul-18	10.6	7.7	46.3	0.3	0	65
25-Jul-18	16.3	9.1	49.4	0.4	0	75
26-Jul-18	10.5	8.5	42.8	0.9	0	63
27-Jul-18	12.3	10.5	40.7	0.4	0	64
28-Jul-18	13.3	15	44.7	0.4	0	73
29-Jul-18	17.9	13.7	46.5	0.4	0	79
30-Jul-18	16.3	15.1	50.2	0.4	0	82
31-Jul-18	14.8	16.3	45.5	0.5	0	77
01-Aug-18	16.4	16.3	46.8	0.3	0	80
02-Aug-18	16.2	15.4	50.8	0.2	0	83
03-Aug-18	15.8	14.6	51.5	0.6	0	82
04-Aug-18	11.7	15.8	51.2	0.5	0	79
05-Aug-18	14.9	13.8	46.8	0.5	0	76
06-Aug-18	14.8	13.5	47.2	0.2	0	76
07-Aug-18	13.6	11.7	39.6	0.5	0	65
08-Aug-18	17.1	8.2	37.7	0.6	0	64
09-Aug-18	13.5	11.6	48.4	0.7	0	74
10-Aug-18	19.2	12.4	42.1	0.6	0	74
11-Aug-18	21.8	13.9	23.7	0.6	0	60
12-Aug-18	16.6	12.2	27.7	0.5	0	57
13-Aug-18	16.2	13.5	40.1	1.2	0	71
14-Aug-18	17.5	13.3	38	0.6	0	69
15-Aug-18	15.5	10.5	27.6	0.5	0	54
16-Aug-18	18.2	10.2	29.6	0.7	0	59
17-Aug-18	18.9	9	44.4	0.8	0	73
18-Aug-18	19	9.2	42	0.9	0	71
19-Aug-18	18.8	10.9	36.4	0.8	0	67
20-Aug-18	16.4	8.1	32.1	0.6	0	57
21-Aug-18	16.2	7.7	48.7	0.6	0	73
22-Aug-18	19.6	9.5	53.2	0.4	0	83
23-Aug-18	16.9	11	49	0.5	0	77
24-Aug-18	19.6	12.2	52.7	0.4	0	85
25-Aug-18	18.7	12.4	54.1	0.4	0	86
26-Aug-18	17.9	12.1	46.4	0.9	0	77
27-Aug-18	20.2	13.1	38.9	0.6	0	73
28-Aug-18	17.3	11.4	51.8	0.5	0	81
29-Aug-18	13	10.5	51	0.7	0	75
30-Aug-18	19.2	12.2	58.6	0.5	0	91
31-Aug-18	18.6	10.5	52	0.5	0	82
01-Sep-18	19	11.4	54.1	0.5	0	85
02-Sep-18	20.1	11.8	56.4	0.5	0	89
03-Sep-18	16.5	13.9	58.4	1.1	0	90
04-Sep-18	18.5	14.1	60.6	0.7	0	94
05-Sep-18	16.2	17.4	56.9	0.5	0	91
06-Sep-18	17.4	16.5	55.7	0.9	0	90
07-Sep-18	16.3	12.9	56.4	0.4	0	86
08-Sep-18	15.9	11.6	57.9	0.9	0	86
09-Sep-18	17.2	11.9	59.3	0.5	0	89
10-Sep-18	19	12.1	52.3	0.6	0	84
11-Sep-18	20.7	15.5	55.6	1.5	0	93
12-Sep-18	21.3	16.7	53.5	0.9	0	92
13-Sep-18	21.4	17.4	59.7	0.8	0	99
14-Sep-18	21.7	18.3	60.5	0.9	0	101
15-Sep-18	21.5	19.5	60.7	1	0	103
16-Sep-18	18.8	17.4	52.7	1	0	90
17-Sep-18	19.8	18.2	41.7	0	0	80
18-Sep-18	20.9	18.8	56.4	0.8	0	97
19-Sep-18	20.6	18.6	47	0.9	0	87
20-Sep-18	20.4	20	46.2	0.8	0	87
21-Sep-18	19.3	16.8	39.6	0.8	0	77
22-Sep-18	14.1	11.6	63.1	0.9	0	90
23-Sep-18	18.8	12.7	61.1	0.1	0	93
24-Sep-18	19.7	18.5	54.5	1	0	94
25-Sep-18	20.4	19.2	56.5	0.9	0	97
26-Sep-18	22.1	21.4	51.6	0.5	0	96
27-Sep-18	18.5	20.2	59.2	0.9	0	99
28-Sep-18	19.9	20.5	53.8	1.1	0	95
29-Sep-18	17.3	20.8	55.6	1	0	95
30-Sep-18	21.8	21.4	58.5	1	0	103
01-Oct-18	22	20	57	1	0	100
02-Oct-18	22	20	59	1	0	103
03-Oct-18	22	20	57	1	0	99
04-Oct-18	23	19	52	1	0	95
05-Oct-18	23	19	48	1	0	91
06-Oct-18	22	20	56	1	0	100
07-Oct-18	21	20	63	1	0	104
08-Oct-18	23	19	62	1	0	105
09-Oct-18	22	21	61	1	0	104
10-Oct-18	19	20	59	1	0	100
11-Oct-18	21	19	60	1	0	100
12-Oct-18	22	19	66	0	0	107
13-Oct-18	22	18	63	1	0	105
14-Oct-18	23	19	52	1	0	96
15-Oct-18	22	20	58	0	0	100
16-Oct-18	18	19	54	1	0	93
17-Oct-18	18	17	52	1	0	88
18-Oct-18	22	20	58	1	0	101
19-Oct-18	21	20	68	1	0	110
20-Oct-18	21	20	70	1	0	111
21-Oct-18	18	20	68	1	0	107
22-Oct-18	22	20	71	1	0	113
23-Oct-18	22	20	67	1	0	111
24-Oct-18	22	20	61	1	0	103
25-Oct-18	19	19	60	1	0	99
26-Oct-18	21	20	64	1	0	107
27-Oct-18	22	19	72	1	0	114
28-Oct-18	22	20	73	1	0	117
29-Oct-18	22	19	69	1	0	112
30-Oct-18	22	20	73	1	0	116
31-Oct-18	20	21	66	1	0	107
01-Nov-18	20	20	56	1	0	96
02-Nov-18	20	16	45	1	0	82
03-Nov-18	19	18	52	1	0	90
04-Nov-18	22	18	66	2	0	108
05-Nov-18	23	18	69	1	0	111
06-Nov-18	23	20	61	1	0	105
07-Nov-18	23	20	68	1	0	111
08-Nov-18	22	20	64	1	0	107
09-Nov-18	20	20	70	1	0	111
10-Nov-18	22	20	71	1	0	113
11-Nov-18	22	20	72	1	0	115
12-Nov-18	21	20	71	1	0	113
13-Nov-18	19	20	72	1	0	112
14-Nov-18	18	18	72	1	0	109
15-Nov-18	21	19	67	1	0	107
16-Nov-18	19	20	47	1	0	87
17-Nov-18	21	20	61	1	0	103
18-Nov-18	22	20	61	1	0	103
19-Nov-18	20	18	59	1	0	98
20-Nov-18	20	17	60	1	0	97
21-Nov-18	21	18	61	1	0	101
22-Nov-18	21	18	50	1	0	90
23-Nov-18	21	18	45	1	0	86
24-Nov-18	21	20	60	1	0	101
25-Nov-18	20	20	66	1	0	107
26-Nov-18	19	19	68	1	0	107
27-Nov-18	16	18	73	1	0	108
28-Nov-18	19	18	71	1	0	109
29-Nov-18	20	19	59	1	0	100
30-Nov-18	20	18	65	1	0	103
01-Dec-18	21	17	70	1	0	108
02-Dec-18	20	17	72	1	0	110
03-Dec-18	20	17	63	1	0	100
04-Dec-18	21	15	45	1	0	81
05-Dec-18	20	17	45	0	0	81
06-Dec-18	22	17	57	1	0	97
07-Dec-18	23	18	63	1	0	105
08-Dec-18	22	17	59	1	0	99
09-Dec-18	21	18	53	1	0	93
10-Dec-18	12	18	55	1	0	86
11-Dec-18	17	18	59	1	0	96
12-Dec-18	18	17	60	1	0	96
13-Dec-18	19	18	52	1	0	90
14-Dec-18	20	18	55	1	0	94
15-Dec-18	23	19	60	1	0	102
16-Dec-18	22	18	53	1	0	94
17-Dec-18	23	18	49	1	0	91
18-Dec-18	23	19	49	1	0	92
19-Dec-18	25	21	53	1	0	99
20-Dec-18	23	21	65	1	0	110
21-Dec-18	23	21	61	1	0	106
22-Dec-18	24	21	61	1	0	106
23-Dec-18	23	20	64	1	0	109
24-Dec-18	22	19	59	1	0	101
25-Dec-18	20	19	64	1	0	104
26-Dec-18	21	20	63	1	0	104
27-Dec-18	22	21	58	1	0	102
28-Dec-18	23	22	62	0	0	107
29-Dec-18	24	22	60	1	0	107
30-Dec-18	23	21	65	1	0	110
31-Dec-18	23	22	69	1	0	115
01-Jan-19	22	20	74	1	0	116
02-Jan-19	20	20	75	1	0	115
03-Jan-19	19	21	74	1	0	115
04-Jan-19	12	19	76	1	0	108
05-Jan-19	17	19	73	1	0	110
06-Jan-19	17	20	71	1	0	109
07-Jan-19	20	20	71	1	0	112
08-Jan-19	21	21	74	1	0	116
09-Jan-19	20	20	74	1	0	116
10-Jan-19	19	20	74	1	0	114
11-Jan-19	16	20	71	1	0	108
12-Jan-19	13	20	68	1	0	101
13-Jan-19	17	20	68	0	0	105
14-Jan-19	22	20	72	1	0	114
15-Jan-19	23	20	71	1	0	115
16-Jan-19	18	22	73	1	0	113
17-Jan-19	22	20	73	1	0	116
18-Jan-19	21	21	71	1	0	114
19-Jan-19	18	22	70	1	0	111
20-Jan-19	20	21	72	1	0	113
21-Jan-19	13	19	76	1	0	109
22-Jan-19	13	20	75	1	0	109
23-Jan-19	13	21	71	1	0	106
24-Jan-19	20	20	67	1	0	108
25-Jan-19	16	18	58	1	0	93
26-Jan-19	23	20	47	1	0	90
27-Jan-19	24	22	39	1	0	85
28-Jan-19	26	23	41	1	0	91
29-Jan-19	23	24	64	1	0	112
30-Jan-19	19	23	76	1	0	119
31-Jan-19	18	18	76	1	0	112
01-Feb-19	21	22	70	1	0	114
02-Feb-19	19	21	73	1	0	114
03-Feb-19	23	19	76	1	0	119
04-Feb-19	22	18	74	1	0	115
05-Feb-19	23	19	70	1	0	114
06-Feb-19	22	20	73	1	0	116
07-Feb-19	20	23	67	1	0	111
08-Feb-19	23	23	67	1	0	114
09-Feb-19	21	24	69	1	0	115
10-Feb-19	19	26	70	1	0	117
11-Feb-19	20	23	68	1	0	112
12-Feb-19	24	21	73	1	0	119
13-Feb-19	21	20	78	1	0	120
14-Feb-19	19	22	80	1	0	122
15-Feb-19	22	22	73	1	0	118
16-Feb-19	25	24	78	1	0	127
17-Feb-19	21	25	79	1	0	126
18-Feb-19	20	19	80	1	0	121
19-Feb-19	21	24	74	1	0	120
20-Feb-19	15	24	76	1	0	115
21-Feb-19	19	22	82	1	0	124
22-Feb-19	26	24	83	1	0	133
23-Feb-19	24	22	84	1	0	132
24-Feb-19	25	23	83	1	0	131
25-Feb-19	26	26	82	1	0	134
26-Feb-19	18	24	79	1	0	121
27-Feb-19	24	24	74	1	0	124
28-Feb-19	24	27	77	1	0	129
01-Mar-19	22	27	78	1	0	128
02-Mar-19	11	22	75	1	0	108
03-Mar-19	19	22	77	1	0	119
04-Mar-19	22	24	77	1	0	124
05-Mar-19	25	25	82	1	0	134
06-Mar-19	26	25	85	1	0	137
07-Mar-19	25	25	84	1	0	135
08-Mar-19	24	26	80	1	0	131
09-Mar-19	30	26	76	1	0	133
10-Mar-19	23	27	74	1	0	124
11-Mar-19	26	26	80	1	0	133
12-Mar-19	22	25	80	1	0	129
13-Mar-19	20	23	82	1	0	126
14-Mar-19	24	24	84	1	0	132
15-Mar-19	27	25	84	1	0	136
16-Mar-19	24	25	84	1	0	135
17-Mar-19	30	25	85	1	0	141
18-Mar-19	21	26	85	1	0	133
19-Mar-19	26	26	82	1	0	136
20-Mar-19	25	26	76	1	0	128
21-Mar-19	26	27	82	1	0	136
22-Mar-19	26	26	82	1	0	134
23-Mar-19	24	26	81	1	0	131
24-Mar-19	24	26	81	1	0	132
25-Mar-19	22	23	60	1	0	106
26-Mar-19	30	26	84	1	0	141
27-Mar-19	28	27	82	1	0	138
28-Mar-19	29	26	83	1	0	139
29-Mar-19	23	26	83	1	0	132
30-Mar-19	26	25	82	2	0	134
31-Mar-19	28	25	84	1	0	138
01-Apr-19	29	26	82	1	0	138
02-Apr-19	28	26	79	1	0	134
03-Apr-19	28	26	80	1	0	135
04-Apr-19	26	27	80	1	0	134
05-Apr-19	24	25	82	1	0	133
06-Apr-19	29	26	82	1	0	138
07-Apr-19	25	25	79	1	0	130
08-Apr-19	28	26	78	1	0	133
09-Apr-19	25	27	79	1	0	133
10-Apr-19	26	26	84	1	0	137
11-Apr-19	24	26	81	1	0	133
12-Apr-19	25	26	85	1	0	137
13-Apr-19	23	26	87	2	0	138
14-Apr-19	23	25	86	3	0	136
15-Apr-19	22	17	90	2	0	131
16-Apr-19	17	18	87	2	0	124
17-Apr-19	20	25	78	2	0	126
18-Apr-19	29	27	85	2	0	142
19-Apr-19	26	28	84	1	0	140
20-Apr-19	28	28	85	1	0	142
21-Apr-19	27	28	85	2	0	142
22-Apr-19	26	27	85	2	0	140
23-Apr-19	27	25	86	2	0	141
24-Apr-19	25	26	88	2	0	141
25-Apr-19	25	26	92	2	0	144
26-Apr-19	24	26	80	1	0	131
27-Apr-19	26	26	80	1	0	133
28-Apr-19	33	27	75	1	0	135
29-Apr-19	27	27	74	2	0	130
30-Apr-19	27	27	74	2	0	131
01-May-19	25	25	68	3	0	121
02-May-19	26	26	81	2	0	135
03-May-19	26	26	90	2	0	144
04-May-19	26	25	88	2	0	141
05-May-19	28	25	85	1	0	139
06-May-19	34	26	86	1	0	147
07-May-19	28	27	84	2	0	141
08-May-19	26	27	81	2	0	136
09-May-19	27	26	88	2	0	142
10-May-19	24	26	86	2	0	139
11-May-19	26	26	80	2	0	133
12-May-19	26	26	77	2	0	130
13-May-19	25	25	82	1	0	133
14-May-19	25	27	81	1	0	134
15-May-19	25	25	82	2	0	134
16-May-19	29	26	85	2	0	142
17-May-19	24	27	82	2	0	135
18-May-19	28	26	85	2	0	140
19-May-19	27	25	82	2	0	137
20-May-19	29	25	86	2	0	142
21-May-19	22	26	79	1	0	128
22-May-19	26	27	85	1	0	139
23-May-19	27	26	78	2	0	134
24-May-19	27	27	84	2	0	140
25-May-19	29	23	88	2	0	143
26-May-19	28	25	88	2	0	143
27-May-19	32	26	85	2	0	146
28-May-19	35	25	84	2	0	147
29-May-19	29	26	83	1	0	139
30-May-19	25	25	76	1	0	127
31-May-19	28	25	82	2	0	137
01-Jun-19	29	24	76	2	0	131
02-Jun-19	29	24	82	2	0	138
03-Jun-19	27	24	73	3	0	128
04-Jun-19	30	0	79	2	0	112
05-Jun-19	29	0	85	2	0	117
06-Jun-19	27	24	82	2	0	135
07-Jun-19	30	23	81	3	0	137
08-Jun-19	28	23	70	3	0	123
09-Jun-19	29	23	81	2	0	136
10-Jun-19	30	23	81	2	0	136
11-Jun-19	30	23	83	2	0	138
12-Jun-19	28	21	78	2	0	129
13-Jun-19	24	20	67	2	0	114
14-Jun-19	28	23	81	2	0	134
15-Jun-19	29	21	89	2	0	141
16-Jun-19	29	24	87	2	0	142
17-Jun-19	28	21	87	2	0	138
18-Jun-19	25	19	87	2	0	133
19-Jun-19	27	19	87	2	0	136
20-Jun-19	27	22	79	2	0	131
21-Jun-19	27	21	61	2	0	112
22-Jun-19	25	22	61	2	0	110
23-Jun-19	26	21	63	3	0	113
24-Jun-19	22	19	72	2	0	115
25-Jun-19	26	20	75	2	0	123
26-Jun-19	28	19	67	2	0	116
27-Jun-19	28	21	76	2	0	127
28-Jun-19	29	20	71	2	0	121
29-Jun-19	28	17	63	2	0	110
30-Jun-19	29	17	56	2	0	103
01-Jul-19	29	19	59	1	0	108
02-Jul-19	27	20	62	2	0	112
03-Jul-19	27	15	68	2	0	112
04-Jul-19	28	12	74	2	0	115
05-Jul-19	25	12	61	2	0	100
06-Jul-19	25	12	60	2	0	99
07-Jul-19	26	17	65	2	0	109
08-Jul-19	26	18	74	2	0	119
09-Jul-19	22	19	67	2	0	110
10-Jul-19	25	21	70	2	0	119
11-Jul-19	22	19	68	2	0	112
12-Jul-19	23	20	73	2	0	117
13-Jul-19	25	20	76	2	0	123
14-Jul-19	21	21	75	2	0	118
15-Jul-19	21	20	76	2	0	118
16-Jul-19	18	22	80	2	0	121
17-Jul-19	21	21	73	2	0	117
18-Jul-19	24	23	68	2	0	116
19-Jul-19	20	22	61	2	0	105
20-Jul-19	21	20	60	2	0	104
21-Jul-19	20	19	69	2	0	111
22-Jul-19	26	23	65	2	0	116
23-Jul-19	24	23	64	2	0	113
24-Jul-19	23	21	63	2	0	109
25-Jul-19	18	16	61	2	0	97
26-Jul-19	19	12	45	2	0	78
27-Jul-19	23	11	46	2	0	82
28-Jul-19	15	9	40	2	0	66
29-Jul-19	25	9	45	2	0	81
30-Jul-19	26	10	47	2	0	85
31-Jul-19	21	10	63	2	0	96
01-Aug-19	21	10	63	2	0	96
02-Aug-19	24	12	38	2	0	75
03-Aug-19	21	13	49	2	0	85
04-Aug-19	25	13	51	2	0	91
05-Aug-19	27	13	55	3	0	98
06-Aug-19	27	14	46	2	0	90
07-Aug-19	22	11	43	2	0	79
08-Aug-19	21	9	44	1	0	75
09-Aug-19	24	6	52	2	0	85
10-Aug-19	24	6	61	2	0	93
11-Aug-19	22	15	67	2	0	107
12-Aug-19	22	18	70	2	0	112
13-Aug-19	24	17	63	2	0	105
14-Aug-19	25	12	65	2	0	104
15-Aug-19	16	9	68	2	0	96
16-Aug-19	16	12	77	2	0	107
17-Aug-19	21	16	66	2	0	105
18-Aug-19	28	16	44	2	0	90
19-Aug-19	27	20	77	2	0	127
20-Aug-19	28	22	61	3	0	114
21-Aug-19	29	21	64	2	0	116
22-Aug-19	30	22	68	2	0	121
23-Aug-19	30	21	66	2	0	119
24-Aug-19	29	18	76	2	0	125
25-Aug-19	25	15	79	2	0	122
26-Aug-19	23	12	81	2	0	118
27-Aug-19	26	15	83	2	0	126
28-Aug-19	19	14	78	2	0	113
29-Aug-19	21	18	78	2	0	119
30-Aug-19	25	18	74	2	0	119
31-Aug-19	25	19	56	2	0	102
01-Sep-19	24	16	48	2	0	90
02-Sep-19	21	17	59	2	0	100
03-Sep-19	23	16	52	2	0	93
04-Sep-19	21	16	55	2	0	94
05-Sep-19	28	15	62	2	0	107
06-Sep-19	29	15	57	2	0	103
07-Sep-19	25	15	62	2	0	103
08-Sep-19	29	14	60	2	0	105
09-Sep-19	31	12	76	2	0	121
10-Sep-19	30	11	76	2	0	119
11-Sep-19	30	13	75	2	0	119
12-Sep-19	28	11	64	2	0	105
13-Sep-19	25	10	73	2	0	110
14-Sep-19	26	8	74	2	0	110
15-Sep-19	24	12	70	2	0	108
16-Sep-19	31	16	62	3	0	111
17-Sep-19	31	18	48	2	0	99
18-Sep-19	29	18	48	2	0	96
19-Sep-19	28	17	51	2	0	98
20-Sep-19	28	18	62	2	0	110
21-Sep-19	30	18	76	2	0	127
22-Sep-19	28	18	60	2	0	108
23-Sep-19	26	18	71	2	0	117
24-Sep-19	28	17	59	2	0	106
25-Sep-19	28	19	66	2	0	114
26-Sep-19	26	14	63	1	0	105
27-Sep-19	26	13	76	2	0	116
28-Sep-19	26	14	78	1	0	120
29-Sep-19	20	15	79	2	0	116
30-Sep-19	28	14	79	2	0	123
01-Oct-19	25	17	82	2	0	126
02-Oct-19	29	22	72	2	0	125
03-Oct-19	30	20	72	2	0	124
04-Oct-19	31	20	79	2	0	132
05-Oct-19	30	21	79	2	0	132
06-Oct-19	26	21	66	2	0	115
07-Oct-19	32	22	59	2	0	115
08-Oct-19	34	22	72	2	0	131
09-Oct-19	33	23	70	2	0	128
10-Oct-19	33	23	67	2	0	125
11-Oct-19	32	23	64	2	0	120
12-Oct-19	26	23	71	2	0	122
13-Oct-19	27	23	71	2	0	124
14-Oct-19	26	24	77	2	0	130
15-Oct-19	26	24	64	2	0	117
16-Oct-19	28	23	51	2	0	105
17-Oct-19	24	22	61	2	0	108
18-Oct-19	29	20	62	2	0	113
19-Oct-19	25	16	67	2	0	110
20-Oct-19	27	15	62	2	0	105
21-Oct-19	30	16	49	2	0	97
22-Oct-19	31	18	54	2	0	105
23-Oct-19	30	17	59	2	0	108
24-Oct-19	30	18	55	1	0	105
25-Oct-19	26	17	56	1	0	100
26-Oct-19	29	16	51	1	0	97
27-Oct-19	29	13	54	2	0	98
28-Oct-19	25	17	53	2	0	96
29-Oct-19	17	18	57	2	0	93
30-Oct-19	19	20	40	2	0	81
31-Oct-19	29	21	47	2	0	100
01-Nov-19	21	19	61	2	0	103
02-Nov-19	15	14	73	2	0.1	103
03-Nov-19	16	15	70	2	0.1	103
04-Nov-19	30	21	82	2	0	134
05-Nov-19	32	21	83	2	0	137
06-Nov-19	28	20	77	2	0	126
07-Nov-19	30	16	77	2	0	125
08-Nov-19	29	19	69	1	0	118
09-Nov-19	31	21	72	1	0	125
10-Nov-19	31	20	75	2	0	127
11-Nov-19	31	20	76	2	0	129
12-Nov-19	21	20	83	2	0	127
13-Nov-19	12	19	84	2	0	116
14-Nov-19	8	20	61	2	0.1	92
15-Nov-19	17	20	60	2	0.1	98
16-Nov-19	21	20	73	2	0	115
17-Nov-19	24	20	84	2	0	130
18-Nov-19	25	20	75	2	0	122
19-Nov-19	29	18	61	2	0	110
20-Nov-19	31	20	72	2	0	126
21-Nov-19	25	22	74	2	0	124
22-Nov-19	22	21	73	2	0.2	119
23-Nov-19	25	20	87	2	0	133
24-Nov-19	26	20	82	2	0	130
25-Nov-19	29	22	83	2	0	136
26-Nov-19	19	19	75	2	0	116
27-Nov-19	25	19	72	2	0.1	117
28-Nov-19	25	20	63	2	0.1	111
29-Nov-19	28	20	64	2	0.1	114
30-Nov-19	25	19	64	2	0	109
01-Dec-19	28	16	37	2	0	83
02-Dec-19	31	18	35	2	0	86
03-Dec-19	32	20	39	2	0	93
04-Dec-19	29	19	62	2	0	112
05-Dec-19	27	18	63	2	0.1	109
06-Dec-19	25	15	61	2	0	103
07-Dec-19	28	21	68	2	0	119
08-Dec-19	29	21	56	2	0	108
09-Dec-19	28	19	75	2	0	124
10-Dec-19	28	20	74	2	0	123
11-Dec-19	20	21	77	2	0	119
12-Dec-19	8	17	80	2	0	107
13-Dec-19	19	21	82	1	0	123
14-Dec-19	28	22	65	2	0	116
15-Dec-19	22	21	72	2	0	116
16-Dec-19	24	20	83	2	0	128
17-Dec-19	25	20	73	2	0	120
18-Dec-19	28	20	65	2	0	116
19-Dec-19	24	21	76	2	0	122
20-Dec-19	26	21	70	2	0	118
21-Dec-19	28	21	74	2	0	125
22-Dec-19	31	19	77	2	0	129
23-Dec-19	31	18	71	2	0	121
24-Dec-19	26	18	77	2	0	122
25-Dec-19	23	18	73	1	0	116
26-Dec-19	25	19	65	1	0	110
27-Dec-19	30	24	76	2	0	131
28-Dec-19	27	24	75	2	0	128
29-Dec-19	26	20	77	2	0	124
30-Dec-19	25	20	77	2	0	124
31-Dec-19	15	19	68	2	0.1	105
01-Jan-20	22	16	73	1	0	111
02-Jan-20	23	14	71	1	0	109
03-Jan-20	27	17	73	1	0	118
04-Jan-20	27	19	75	1	0	122
05-Jan-20	16	22	73	1	0	112
06-Jan-20	16	24	64	1	0	105
07-Jan-20	13	18	63	1	0	96
08-Jan-20	24	20	77	1	0	122
09-Jan-20	32	25	81	1	0	139
10-Jan-20	32	26	83	1	0	143
11-Jan-20	26	23	87	1	0	138
12-Jan-20	23	22	91	1	0	137
13-Jan-20	13	19	94	2	0	128
14-Jan-20	32	21	94	1	0	149
15-Jan-20	31	20	97	1	0	150
16-Jan-20	25	22	96	1	0	144
17-Jan-20	30	23	91	1	0.1	146
18-Jan-20	32	24	80	1	0.1	138
19-Jan-20	32	22	80	1	0	135
20-Jan-20	23	24	87	2	0	136
21-Jan-20	33	23	93	1	0	151
22-Jan-20	34	25	90	1	0	150
23-Jan-20	37	25	78	1	0	141
24-Jan-20	39	27	91	2	0	158
25-Jan-20	36	24	89	2	0	151
26-Jan-20	37	26	89	2	0	154
27-Jan-20	26	23	90	1	0	139
28-Jan-20	32	23	79	2	0	136
29-Jan-20	35	25	78	1	0	139
30-Jan-20	37	27	96	1	0.2	161
31-Jan-20	38	27	96	2	0.2	163
01-Feb-20	37	27	90	2	0	156
02-Feb-20	39	26	77	2	0	144
03-Feb-20	39	24	86	2	0.1	151
04-Feb-20	32	25	86	1	0	144
05-Feb-20	36	26	85	1	0	148
06-Feb-20	40	26	92	2	0.1	159
07-Feb-20	39	25	86	1	0	151
08-Feb-20	40	26	70	1	0	136
09-Feb-20	38	28	76	1	0	144
10-Feb-20	38	26	73	2	0	139
11-Feb-20	38	24	76	2	0	140
12-Feb-20	37	25	79	2	0	142
13-Feb-20	38	26	89	1	0	154
14-Feb-20	41	27	102	2	0	172
15-Feb-20	42	27	101	2	0	171
16-Feb-20	43	27	102	2	0	174
17-Feb-20	42	29	104	2	0	176
18-Feb-20	42	29	103	1	0	175
19-Feb-20	35	26	103	2	0	165
20-Feb-20	34	27	102	1	0	164
21-Feb-20	35	26	96	1	0	158
22-Feb-20	37	27	96	1	0	161
23-Feb-20	36	27	101	1	0	164
24-Feb-20	35	26	90	2	0	153
25-Feb-20	38	28	85	1	0	152
26-Feb-20	37	29	93	1	0	160
27-Feb-20	35	27	92	1	0	155
28-Feb-20	38	24	93	2	0	157
29-Feb-20	35	25	91	1	0.1	153
01-Mar-20	36	26	92	1	0	155
02-Mar-20	40	26	85	1	0.1	153
03-Mar-20	41	28	83	2	0	153
04-Mar-20	39	29	88	1	0	158
05-Mar-20	31	28	86	2	0	147
06-Mar-20	20	27	87	1	0	135
07-Mar-20	36	30	80	1	0	147
08-Mar-20	45	28	77	2	0	152
09-Mar-20	43	27	73	2	0	144
10-Mar-20	36	25	99	1	0	162
11-Mar-20	32	28	86	1	0	148
12-Mar-20	34	31	87	1	0	153
13-Mar-20	34	32	94	1	0	162
14-Mar-20	38	30	91	1	0	161
15-Mar-20	34	28	94	2	0	158
16-Mar-20	42	27	93	2	0	164
17-Mar-20	36	27	100	5	0.1	168
18-Mar-20	44	27	101	5	0	176
19-Mar-20	39	28	93	5	0	165
20-Mar-20	40	28	93	5	0	166
21-Mar-20	39	30	100	4	0	174
22-Mar-20	36	27	92	5	0	159
23-Mar-20	33	26	94	5	0	157
24-Mar-20	30	25	96	5	0	155
25-Mar-20	28	18	97	5	0	148
26-Mar-20	17	19	97	5	0	139
27-Mar-20	30	22	97	5	0	154
28-Mar-20	45	30	98	5	0	178
29-Mar-20	45	30	95	5	0	174
30-Mar-20	45	29	96	5	0	174
31-Mar-20	35	28	98	5	0	166
01-Apr-20	46	29	90	5	0	170
02-Apr-20	46	30	95	5	0	175
03-Apr-20	47	29	93	5	0	173
04-Apr-20	37	28	89	5	0	159
05-Apr-20	38	29	84	5	0	156
06-Apr-20	39	29	83	5	0	156
07-Apr-20	39	29	77	5	0	150
08-Apr-20	44	29	89	5	0	166
09-Apr-20	43	29	83	5	0	159
10-Apr-20	41	27	91	5	0	163
11-Apr-20	42	28	97	5	0	171
12-Apr-20	42	28	88	5	0.1	163
13-Apr-20	35	28	91	5	0	159
14-Apr-20	31	27	93	5	0	156
15-Apr-20	37	25	92	5	0	159
16-Apr-20	27	27	91	5	0	150
17-Apr-20	32	25	89	5	0	151
18-Apr-20	39	26	93	5	0	162
19-Apr-20	39	27	90	5	0	160
20-Apr-20	30	27	88	5	0	150
21-Apr-20	38	29	92	5	0	163
22-Apr-20	36	28	89	5	0	158
23-Apr-20	34	27	91	5	0	157
24-Apr-20	37	28	83	5	0	152
25-Apr-20	40	29	91	4	0	165
26-Apr-20	40	26	90	5	0	160
27-Apr-20	39	28	98	5	0	169
28-Apr-20	36	28	85	5	0	154
29-Apr-20	37	28	68	5	0	137
30-Apr-20	35	28	84	5	0	152
01-May-20	43	27	87	5	0	162
02-May-20	43	29	95	5	0	171
03-May-20	35	28	93	5	0	161
04-May-20	29	28	96	5	0.1	157
05-May-20	42	29	93	5	0	168
06-May-20	37	27	84	5	0	153
07-May-20	44	30	83	5	0	161
08-May-20	45	29	83	5	0.1	162
09-May-20	43	28	84	5	0.1	160
10-May-20	36	26	84	5	0.1	151
11-May-20	37	28	86	5	0	155
12-May-20	37	27	95	5	0.1	163
13-May-20	39	26	77	5	0	148
14-May-20	40	27	80	5	0	152
15-May-20	42	27	83	5	0	156
16-May-20	41	26	74	5	0	146
17-May-20	41	27	73	5	0	146
18-May-20	43	27	67	5	0	141
19-May-20	43	28	68	4	0	143
20-May-20	43	29	82	4	0	158
21-May-20	45	30	87	4	0	166
22-May-20	44	29	85	5	0	161
23-May-20	37	29	85	4	0	156
24-May-20	38	30	83	5	0	155
25-May-20	43	28	79	5	0	155
26-May-20	44	28	80	5	0	156
27-May-20	43	28	80	5	0	156
28-May-20	41	28	82	5	0.1	156
29-May-20	38	28	80	5	0	152
30-May-20	40	27	73	5	0	144
31-May-20	40	26	70	5	0	141
01-Jun-20	37	24	71	4.8	0	136
02-Jun-20	41	20	78	4.8	0	143
03-Jun-20	31	19	73	4.7	0	128
04-Jun-20	33	21	71	4.6	0	129
05-Jun-20	22	24	80	4.6	0	131
06-Jun-20	39	25	78	4.8	0	147
07-Jun-20	40	22	71	4.9	0	139
08-Jun-20	42	25	79	4.8	0	151
09-Jun-20	42	26	79	4.8	0	152
10-Jun-20	43	24	62	4.9	0	133
11-Jun-20	42	22	38	4.9	0	107
12-Jun-20	39	22	51	4.8	0	116
13-Jun-20	31	20	62	4.7	0	117
14-Jun-20	38	20	67	4.6	0	129
15-Jun-20	40	22	69	4.8	0	136
16-Jun-20	41	22	61	4.6	0	129
17-Jun-20	42	20	58	4.7	0	125
18-Jun-20	37	23	63	4.5	0	128
19-Jun-20	39	24	68	4.5	0	135
20-Jun-20	40	24	73	5	0	141
21-Jun-20	33	22	60	4.6	0	120
22-Jun-20	42	23	62	4.7	0	132
23-Jun-20	41	21	74	4.8	0	140
24-Jun-20	36	20	80	4.8	0	141
25-Jun-20	34	22	78	5.5	0	140
26-Jun-20	38	22	76	4.5	0	141
27-Jun-20	36	24	72	4.8	0	137
28-Jun-20	38	24	65	4.9	0	132
29-Jun-20	39	23	72	4.7	0	138
30-Jun-20	41	20	65	4.7	0	131
01-Jul-20	39	28	90	4.8	0	161
02-Jul-20	41	30	84	4.8	0	160
03-Jul-20	40	27	84	4.6	0	156
04-Jul-20	41	24	71	4.9	0	141
05-Jul-20	33	17	62	4.8	0	117
06-Jul-20	33	16	70	4.6	0	123
07-Jul-20	34	20	88	4.5	0	147
08-Jul-20	34	25	87	4.8	0	151
09-Jul-20	39	26	71	4.5	0	141
10-Jul-20	38	22	67	4.6	0	132
11-Jul-20	38	25	89	4.5	0	156
12-Jul-20	35	25	90	4.8	0	155
13-Jul-20	34	25	87	4.8	0	151
14-Jul-20	35	20	68	4.7	0	128
15-Jul-20	40	19	54	4.6	0	118
16-Jul-20	37	22	63	4.6	0	126
17-Jul-20	38	27	83	4.4	0	152
18-Jul-20	34	30	89	4.3	0	158
19-Jul-20	34	27	90	4.1	0	155
20-Jul-20	36	24	86	4	0	150
21-Jul-20	25	24	99	4.2	0	153
22-Jul-20	32	28	90	4.6	0	154
23-Jul-20	42	26	64	4.3	0	137
24-Jul-20	38	24	81	4.3	0	147
25-Jul-20	35	22	78	4.4	0	139
26-Jul-20	37	29	90	4.4	0	160
27-Jul-20	40	30	103	4.3	0	178
28-Jul-20	45	26	79	4.3	0	155
29-Jul-20	39	22	73	4.4	0	138
30-Jul-20	38	22	91	4.3	0	154
31-Jul-20	29	25	88	4.5	0	147
01-Aug-20	37	25	85	4.4	0	151
02-Aug-20	40	27	94	4.4	0	164
03-Aug-20	41	25	71	4.4	0	142
04-Aug-20	42	26	61	4.4	0	134
05-Aug-20	37	21	59	4.3	0	121
06-Aug-20	35	19	77	4.3	0	136
07-Aug-20	25	23	78	4.8	0	131
08-Aug-20	26	22	82	4.8	0	134
09-Aug-20	33	18	63	4.3	0	118
10-Aug-20	30	17	62	4.5	0	113
11-Aug-20	29	17	87	4.5	0	137
12-Aug-20	38	14	69	4.3	0	126
13-Aug-20	36	11	60	4.4	0.1	112
14-Aug-20	38	16	56	4.5	0	115
15-Aug-20	33	15	48	4.5	0.1	100
16-Aug-20	37	16	42	4.4	0.1	100
17-Aug-20	36	15	62	4.3	0	118
18-Aug-20	35	15	79	4.6	0.1	134
19-Aug-20	36	16	89	4.5	0.1	145
20-Aug-20	28	17	55	4.2	0.1	105
21-Aug-20	30	17	79	4.4	0.1	130
22-Aug-20	39	15	86	4.3	0	145
23-Aug-20	38	14	87	4.6	0.1	144
24-Aug-20	33	16	85	4.6	0.1	139
25-Aug-20	26	22	98	4.5	0.1	151
26-Aug-20	27	23	87	4.4	0.1	142
27-Aug-20	28	20	85	4.4	0.1	138
28-Aug-20	37	18	97	4.6	0.1	156
29-Aug-20	18	15	98	4.6	0.1	136
30-Aug-20	29	17	100	4.6	0.1	151
31-Aug-20	18	23	101	4.5	0	147
01-Sep-20	27	27	90	4.4	0.1	149
02-Sep-20	32	22	56	4.5	0.1	115
03-Sep-20	24	24	92	4.6	0.1	145
04-Sep-20	24	29	93	4.8	0.1	151
05-Sep-20	25	29	96	4.5	0.1	154
06-Sep-20	35	27	97	4.4	0.1	164
07-Sep-20	41	30	91	4.5	0.1	166
08-Sep-20	40	27	85	4.5	0.1	157
09-Sep-20	40	27	90	4.4	0.1	161
10-Sep-20	37	23	84	4.5	0.1	148
11-Sep-20	38	25	76	4.4	0.1	144
12-Sep-20	37	25	70	4.2	0.1	137
13-Sep-20	37	26	44	4.1	0	111
14-Sep-20	35	23	48	4.5	0.1	110
15-Sep-20	33	24	74	4.1	0.1	135
16-Sep-20	37	24	72	1.5	0.1	134
17-Sep-20	39	23	79	4.5	0.1	145
18-Sep-20	40	22	70	4.4	0.1	137
19-Sep-20	39	23	54	4.6	0.1	120
20-Sep-20	36	25	55	4.3	0.1	121
21-Sep-20	40	25	62	4.3	0.1	132
22-Sep-20	39	25	76	1.4	0	141
23-Sep-20	32	19	88	3.5	0.1	142
24-Sep-20	38	23	90	4.3	0.1	155
25-Sep-20	37	25	81	4.2	0.1	147
26-Sep-20	39	25	43	4.4	0.1	111
27-Sep-20	41	29	85	4.4	0.1	159
28-Sep-20	41	30	103	4.5	0.1	178
29-Sep-20	39	29	75	4.5	0.1	148
30-Sep-20	40	28	69	1.3	0.1	138
01-Oct-20	40	29	83	3.3	0.1	154
02-Oct-20	42	31	90	4.2	0.1	167
03-Oct-20	40	30	81	4.1	0.1	156
04-Oct-20	41	28	74	3.9	0.1	146
05-Oct-20	40	28	95	4	0.1	167
06-Oct-20	42	30	102	4.1	0.1	178
07-Oct-20	40	28	90	3.9	0.1	163
08-Oct-20	41	30	87	3.9	0.1	161
09-Oct-20	41	29	81	4.1	0.1	155
10-Oct-20	41	28	74	4.8	0.1	148
11-Oct-20	40	25	44	4.7	0.1	114
12-Oct-20	41	26	61	4.7	0.1	133
13-Oct-20	39	26	59	4.7	0.1	129
14-Oct-20	38	23	60	4.5	0.1	125
15-Oct-20	36	23	74	4.4	0.1	138
16-Oct-20	34	22	88	4.4	0.1	149
17-Oct-20	32	25	92	4.4	0.1	153
18-Oct-20	27	23	83	4.7	0.1	137
19-Oct-20	35	23	82	4.7	0.1	144
20-Oct-20	34	24	75	4.6	0.1	137
21-Oct-20	39	25	61	4.5	0.1	130
22-Oct-20	38	28	74	4.3	0.1	145
23-Oct-20	37	30	86	4.3	0	158
24-Oct-20	37	30	96	4.4	0	168
25-Oct-20	37	29	93	4.5	0.1	165
26-Oct-20	33	30	91	4.7	0.1	159
27-Oct-20	36	29	97	4.7	0.1	167
28-Oct-20	35	31	97	4.5	0.1	167
29-Oct-20	32	29	87	4.6	0.1	153
30-Oct-20	34	30	96	4.5	0.1	164
31-Oct-20	33	28	94	4.5	0.1	160
01-Nov-20	32	28	98	4.4	0.1	163
02-Nov-20	38	29	94	4.4	0.1	166
03-Nov-20	37	29	94	4.6	0.1	166
04-Nov-20	37	30	88	4.7	0.1	160
05-Nov-20	38	30	93	4.5	0.1	165
06-Nov-20	37	30	82	4.4	0.1	154
07-Nov-20	34	29	86	4.3	0	154
08-Nov-20	36	29	84	3.9	0.1	152
09-Nov-20	34	28	103	4.4	0.1	169
10-Nov-20	32	28	105	4.4	0.1	171
11-Nov-20	29	27	105	4.6	0.1	165
12-Nov-20	25	26	69	4.6	0.1	124
13-Nov-20	27	27	65	4.4	0.1	124
14-Nov-20	29	27	90	4.6	0.1	150
15-Nov-20	27	27	66	4.8	0.1	125
16-Nov-20	28	27	54	4.3	0.1	114
17-Nov-20	30	28	65	4.4	0.1	128
18-Nov-20	35	25	86	4.2	0.1	151
19-Nov-20	35	25	93	4.3	0.1	157
20-Nov-20	37	28	98	4.4	0.1	167
21-Nov-20	37	30	109	4.3	0.1	180
22-Nov-20	36	30	96	4.4	0.1	166
23-Nov-20	33	31	80	4.4	0.1	148
24-Nov-20	27	33	77	4.3	0.1	141
25-Nov-20	14	29	76	4.3	0.1	123
26-Nov-20	30	26	30	4.2	0.1	91
27-Nov-20	35	27	46	4.2	0.1	112
28-Nov-20	36	30	56	4.6	0.1	126
29-Nov-20	37	29	52	4.4	0.1	123
30-Nov-20	35	33	81	4.4	0.1	154
01-Dec-20	36	31	97	4.4	0.1	168
02-Dec-20	36	34	85	4.3	0.1	159
03-Dec-20	36	32	56	4.2	0.1	128
04-Dec-20	35	31	65	4.5	0.1	136
05-Dec-20	33	31	74	4.7	0.1	143
06-Dec-20	30	31	77	4.5	0.1	143
07-Dec-20	28	32	63	4.3	0.1	127
08-Dec-20	33	30	72	4.3	0.1	140
09-Dec-20	32	29	78	4.3	0.1	143
10-Dec-20	32	37	100	3.9	0.1	172
11-Dec-20	26	15	104	4.2	0.1	148
12-Dec-20	32	17	103	3.9	0.1	156
13-Dec-20	31	22	91	4.4	0.1	148
14-Dec-20	32	17	97	4.8	0.1	151
15-Dec-20	32	21	94	4.2	0.1	151
16-Dec-20	29	22	69	4	0.1	124
17-Dec-20	33	29	66	4.2	0	132
18-Dec-20	38	31	86	4.5	0	160
19-Dec-20	37	33	79	4.4	1.5	154
20-Dec-20	32	32	80	4.6	0	148
21-Dec-20	35	33	96	4.5	0	168
22-Dec-20	34	31	92	4.6	0	162
23-Dec-20	36	31	89	4.4	0.1	161
24-Dec-20	35	31	96	4.4	0	166
25-Dec-20	31	31	95	4.4	0	161
26-Dec-20	32	31	101	4.5	0	168
27-Dec-20	33	31	97	4.5	0.1	166
28-Dec-20	37	32	91	4.4	0.1	165
29-Dec-20	37	31	87	4.6	0.1	160
30-Dec-20	35	29	92	4.6	0.1	161
31-Dec-20	30	28	64	4.4	0.1	126
01-Jan-21	34	26	82	4.4	0	146
02-Jan-21	23	27	75	4.5	0.1	129
03-Jan-21	22	26	77	4.4	0.1	129
04-Jan-21	17	21	84	4.2	0.2	127
05-Jan-21	10	22	75	4.4	0.1	111
06-Jan-21	24	28	45	4.4	0.1	102
07-Jan-21	30	24	45	4.7	0.1	104
08-Jan-21	34	27	67	4.3	0.1	132
09-Jan-21	25	19	64	4.8	0.1	113
10-Jan-21	36	24	80	4.5	0.1	144
11-Jan-21	39	31	65	4.4	0.1	140
12-Jan-21	41	34	73	4.4	0.1	152
13-Jan-21	40	36	77	4.8	0	158
14-Jan-21	31	35	83	4.6	0.1	154
15-Jan-21	36	33	90	4.4	0.1	163
16-Jan-21	36	32	87	4.3	0.1	159
17-Jan-21	35	30	104	4.3	0.1	173
18-Jan-21	15	30	109	4.6	0.1	159
19-Jan-21	29	31	103	4.2	0	167
20-Jan-21	37	33	103	4.3	0.1	177
21-Jan-21	41	35	97	4.4	0.1	177
22-Jan-21	37	34	89	4.6	0.2	165
23-Jan-21	31	33	97	4.6	0.2	166
24-Jan-21	36	33	105	4.3	0.1	178
25-Jan-21	36	33	108	4.6	0.2	183
26-Jan-21	38	34	109	4.7	0.2	186
27-Jan-21	40	37	104	4.2	0.1	184
28-Jan-21	39	35	102	4.4	0.1	180
29-Jan-21	40	36	97	4.2	0.1	177
30-Jan-21	42	36	98	4.6	0.2	181
31-Jan-21	43	36	98	4.7	0.1	182
01-Feb-21	42	36	105	4.5	0.2	187
02-Feb-21	41	36	102	4.9	0.2	184
03-Feb-21	38	35	104	4.7	0.2	181
04-Feb-21	34	35	110	4.6	0.2	183
05-Feb-21	39	34	111	4.3	0.2	188
06-Feb-21	44	37	108	4.2	0.2	194
07-Feb-21	45	38	102	4.9	0.2	190
08-Feb-21	46	39	110	4.8	0.2	200
09-Feb-21	42	37	111	4.5	0.2	195
10-Feb-21	44	37	116	5.2	0.2	201
11-Feb-21	40	35	111	5.2	0.2	192
12-Feb-21	42	37	116	4.5	0.2	200
13-Feb-21	42	36	119	4.5	0.2	202
14-Feb-21	43	35	110	4.5	0.2	193
15-Feb-21	43	34	109	3.5	0.1	189
16-Feb-21	40	31	106	4.7	0.2	181
17-Feb-21	44	34	106	4.5	0.1	189
18-Feb-21	43	33	94	4.5	0.2	175
19-Feb-21	42	35	66	4.6	0.1	148
20-Feb-21	41	38	91	4.5	0.2	175
21-Feb-21	41	38	74	4.5	0.2	157
22-Feb-21	43	38	98	4.5	0.2	185
23-Feb-21	41	37	113	5.4	0.2	197
24-Feb-21	44	39	114	4.5	0.1	201
25-Feb-21	45	38	115	4.6	0.1	203
26-Feb-21	47	39	109	4.7	0.1	199
27-Feb-21	47	39	106	5.1	0.1	197
28-Feb-21	49	39	114	4.6	0.1	206
01-Mar-21	50	39	109	4.6	0.2	203
02-Mar-21	51	41	109	4.6	0.2	205
03-Mar-21	50	40	112	4.8	0.2	207
04-Mar-21	49	40	112	4.8	0.2	206
05-Mar-21	49	39	120	4.6	0.1	213
06-Mar-21	48	39	117	5.1	0.2	209
07-Mar-21	43	40	111	4.9	0.2	198
08-Mar-21	43	39	110	4.5	0.2	197
09-Mar-21	42	38	122	4.5	0.2	207
10-Mar-21	44	37	116	4.5	0.2	202
11-Mar-21	48	35	113	5.3	0.1	201
12-Mar-21	40	29	113	5.3	0.2	188
13-Mar-21	43	39	113	4.7	0	199
14-Mar-21	48	38	110	4.8	0.2	200
15-Mar-21	42	37	116	5.1	0.2	200
16-Mar-21	43	36	111	5.1	0.2	196
17-Mar-21	44	35	103	5	0.2	187
18-Mar-21	40	31	101	5.1	0.2	178
19-Mar-21	38	32	103	5.2	0.2	178
20-Mar-21	47	34	105	5	0.2	192
21-Mar-21	42	31	105	5	0.2	183
22-Mar-21	35	35	101	5	0.1	175
23-Mar-21	47	34	114	4.5	0.2	200
24-Mar-21	48	37	108	5.1	0.2	199
25-Mar-21	44	38	101	5.2	0.2	188
26-Mar-21	51	40	103	5.2	0.2	199
27-Mar-21	48	39	102	5.4	0.2	194
28-Mar-21	50	38	100	5.4	0.2	193
29-Mar-21	50	39	102	5.1	0.2	195
30-Mar-21	47	39	102	4.7	0	192
31-Mar-21	53	40	113	5	0.1	210
01-Apr-21	54	42	119	5.2	0.2	221
02-Apr-21	51	40	118	5.4	0.2	214
03-Apr-21	53	41	113	5.4	0.2	213
04-Apr-21	51	40	108	5.4	0	205
05-Apr-21	48	40	103	5.4	0.2	195
06-Apr-21	44	38	98	5.1	0.2	185
07-Apr-21	49	38	107	5	0.2	199
08-Apr-21	52	35	100	4.3	0.2	191
09-Apr-21	50	37	108	4.9	0.2	200
10-Apr-21	51	37	110	5	0.2	202
11-Apr-21	51	36	108	5	0.2	200
12-Apr-21	52	37	100	5.2	0.2	195
13-Apr-21	48	37	95	5.3	0.2	186
14-Apr-21	48	34	90	5	0.2	177
15-Apr-21	51	37	109	5.1	0.2	202
16-Apr-21	43	39	111	4.6	0.2	198
17-Apr-21	50	39	109	4.9	0.1	202
18-Apr-21	51	40	106	5	0.2	202
19-Apr-21	44	39	111	5.6	0.2	201
20-Apr-21	42	35	93	5.3	0.2	176
21-Apr-21	49	36	104	5	0.2	194
22-Apr-21	53	40	96	4.9	0.2	195
23-Apr-21	41	38	94	5.1	0.2	178
24-Apr-21	52	37	106	5.1	0.2	200
25-Apr-21	53	40	108	4.9	0.2	206
26-Apr-21	54	39	108	5	0.2	206
27-Apr-21	52	39	105	5.4	0.2	201
28-Apr-21	48	37	104	5.6	0.2	196
29-Apr-21	43	34	102	5.2	0.2	185
30-Apr-21	45	36	107	4.9	0.2	192
01-May-21	44	31	98	5	0.2	178
02-May-21	37	32	102	4.9	0.1	177
03-May-21	48	37	103	4.8	0.1	193
04-May-21	48	38	97	4.9	0.1	187
05-May-21	51	39	104	4.8	0.2	198
06-May-21	39	37	103	5.4	0.2	185
07-May-21	51	35	99	5.2	0.1	191
08-May-21	50	36	109	5.1	0.2	199
09-May-21	49	35	102	4.9	0.3	190
10-May-21	47	40	97	5.1	0.2	189
11-May-21	46	43	95	4.9	0.2	189
12-May-21	44	41	101	4.9	0.2	191
13-May-21	48	40	91	4.8	0.2	183
14-May-21	50	40	106	5.2	0.2	201
15-May-21	47	35	87	5.3	0.2	174
16-May-21	50	27	83	5.1	0.2	165
17-May-21	39	24	110	5	0.2	178
18-May-21	24	18	112	5	0.1	160
19-May-21	33	29	107	5	0.1	174
20-May-21	46	38	92	4.7	0.2	181
21-May-21	49	40	90	5	0.2	185
22-May-21	40	39	86	5.3	0.2	171
23-May-21	53	39	106	5.1	0.2	203
24-May-21	56	38	88	5.1	0.3	188
25-May-21	58	39	92	4.7	0.1	193
26-May-21	53	37	91	4.6	0.2	186
27-May-21	51	36	96	4.6	0.2	188
28-May-21	50	34	110	4.6	0.2	199
29-May-21	51	38	107	5.1	0.2	201
30-May-21	48	38	107	5.2	0.3	198
31-May-21	51	38	113	5.2	0.1	207
01-Jun-21	47	37	106	4.9	0.1	195
02-Jun-21	50	38	105	5.1	0.2	197
03-Jun-21	54	38	75	5.1	0.2	173
04-Jun-21	51	34	85	5.1	0.2	175
05-Jun-21	45	34	93	5.1	0.1	176
06-Jun-21	52	34	96	4.9	0.1	187
07-Jun-21	53	36	111	5.5	0.1	205
08-Jun-21	52	38	109	5.3	0.1	204
09-Jun-21	51	35	88	4.8	0.2	179
10-Jun-21	51	33	94	4.9	0.3	183
11-Jun-21	49	35	93	4.9	0.1	182
12-Jun-21	50	34	88	4.8	0.1	177
13-Jun-21	48	33	81	4.8	0.2	167
14-Jun-21	48	33	73	4.7	0.2	159
15-Jun-21	47	35	84	4.9	0.2	171
16-Jun-21	49	34	87	4.8	0.2	175
17-Jun-21	36	28	83	4.8	0.2	151
18-Jun-21	42	24	88	4.8	0.1	159
19-Jun-21	49	23	89	4.7	0.2	165
20-Jun-21	50	28	111	5.1	0.2	195
21-Jun-21	50	32	110	5.2	0.2	197
22-Jun-21	52	31	98	4.1	0.3	185
23-Jun-21	52	28	91	4.7	0.2	176
24-Jun-21	51	29	89	5.2	0.2	174
25-Jun-21	53	32	96	4.9	0.2	186
26-Jun-21	52	33	79	5	0.2	169
27-Jun-21	50	32	56	5.1	0.3	142
28-Jun-21	51	31	91	5.2	0.2	178
29-Jun-21	55	37	108	5.1	0.1	206
30-Jun-21	54	38	109	4.2	0.1	206
01-Jul-21	49	35	79	4.7	0.1	168
02-Jul-21	52	35	75	5.3	0.1	167
03-Jul-21	51	36	97	5	0.1	189
04-Jul-21	54	37	90	4.7	0.1	186
05-Jul-21	53	36	87	5.7	0.2	182
06-Jul-21	54	37	99	5.2	0.2	195
07-Jul-21	49	38	101	5	0.2	193
08-Jul-21	52	31	81	3.9	0.2	168
09-Jul-21	55	29	73	4.5	0.2	162
10-Jul-21	52	33	74	4.8	0.1	164
11-Jul-21	43	23	51	4.5	0.2	122
12-Jul-21	43	31	67	4.6	0.3	145
13-Jul-21	47	35	62	4.6	0.2	148
14-Jul-21	51	34	62	4.8	0.2	151
15-Jul-21	55	34	65	4.9	0.2	160
16-Jul-21	53	35	79	5.2	0.2	173
17-Jul-21	49	34	83	5.4	0.1	171
18-Jul-21	48	23	57	4.6	0.2	133
19-Jul-21	43	28	90	4.7	0.2	166
20-Jul-21	37	20	82	4.2	0.1	143
21-Jul-21	42	21	51	4.4	0.2	118
22-Jul-21	46	24	44	4.6	0.3	119
23-Jul-21	47	21	69	4.4	0.3	143
24-Jul-21	49	24	91	4.5	0.3	169
25-Jul-21	45	17	94	4.9	0.2	161
26-Jul-21	45	20	97	4.2	0.2	166
27-Jul-21	28	18	98	4	0.2	148
28-Jul-21	26	17	98	4	0.2	145
29-Jul-21	33	13	84	3.9	0.2	133
30-Jul-21	43	16	92	3.9	0.1	155
31-Jul-21	42	18	78	3.8	0.2	142
01-Aug-21	37	17	88	4.3	0.2	146
02-Aug-21	42	15	99	5.1	0.2	160
03-Aug-21	48	21	96	4.7	0.2	170
04-Aug-21	48	22	94	4.4	0.3	169
05-Aug-21	53	25	87	4.3	0.3	169
06-Aug-21	52	23	92	4.6	0.3	171
07-Aug-21	49	29	100	4.7	0.2	183
08-Aug-21	52	29	100	4.2	0.2	186
09-Aug-21	51	27	102	4.9	0.2	184
10-Aug-21	55	28	86	4.9	0.2	174
11-Aug-21	56	28	101	4.4	0.2	190
12-Aug-21	58	33	82	4.1	0.2	176
13-Aug-21	58	34	79	4.2	0.1	175
14-Aug-21	58	35	88	4.2	0.2	186
15-Aug-21	57	35	77	4.2	0.2	174
16-Aug-21	59	35	67	4.2	0.1	165
17-Aug-21	60	31	61	4	0.2	157
18-Aug-21	60	23	83	4.3	0.3	170
19-Aug-21	57	24	91	4.4	0.2	177
20-Aug-21	52	24	80	4.2	0.2	161
21-Aug-21	48	22	65	4.3	0.2	140
22-Aug-21	38	30	94	4.2	0.2	167
23-Aug-21	54	35	98	5	0.1	192
24-Aug-21	55	35	104	3.9	0.2	198
25-Aug-21	57	35	89	4.7	0.2	186
26-Aug-21	56	33	89	4.5	0.1	183
27-Aug-21	59	34	79	4.2	0.1	176
28-Aug-21	58	34	56	4.2	0.3	153
29-Aug-21	54	32	64	4.3	0.2	154
30-Aug-21	39	27	61	4.5	0.2	132
31-Aug-21	54	27	82	4.9	0.3	169
01-Sep-21	53	29	97	4.9	0.2	184
02-Sep-21	45	31	80	5.1	0.1	162
03-Sep-21	35	32	66	5.1	0.3	138
04-Sep-21	51	34	80	4.8	0.2	170
05-Sep-21	57	31	80	4.5	0.3	173
06-Sep-21	52	32	66	4.2	0.2	154
07-Sep-21	58	29	74	4.2	0.2	166
08-Sep-21	57	29	90	4.7	0.2	181
09-Sep-21	54	23	103	4.3	0.3	185
10-Sep-21	50	26	99	4.3	0.3	179
11-Sep-21	44	28	89	5	0.3	166
12-Sep-21	48	28	89	4.6	0.4	170
13-Sep-21	52	29	81	3.6	0.3	166
14-Sep-21	47	30	89	3.8	0.3	171
15-Sep-21	57	25	95	4	0.3	182
16-Sep-21	60	29	103	4.4	0.1	197
17-Sep-21	60	29	103	4.4	0.1	197
18-Sep-21	58	27	99	4.5	0.2	188
19-Sep-21	48	30	97	4.6	0.2	180
20-Sep-21	49	28	99	4.5	0.3	182
21-Sep-21	37	29	87	4.5	0.2	158
22-Sep-21	42	33	83	4.5	0.3	162
23-Sep-21	42	27	85	4.6	0.3	159
24-Sep-21	36	33	71	4.7	0.3	146
25-Sep-21	56	32	97	4.8	0.3	190
26-Sep-21	59	30	84	4.5	0.3	176
27-Sep-21	54	26	65	4.3	0.3	150
28-Sep-21	62	31	79	4.5	0.3	176
29-Sep-21	59	25	95	4.4	0.1	183
30-Sep-21	55	29	92	4	0.3	180
01-Oct-21	55	39	87	4.4	0.3	185
02-Oct-21	61	35	92	4.4	0.2	192
03-Oct-21	66	40	98	4.6	0.2	209
04-Oct-21	65	38	95	4.9	0.2	203
05-Oct-21	62	37	83	4.6	0.2	188
06-Oct-21	60	40	77	4.6	0.3	181
07-Oct-21	64	38	87	4.7	0.3	193
08-Oct-21	64	40	83	4.7	0.2	191
09-Oct-21	65	37	73	4.7	0.2	181
10-Oct-21	66	38	94	4.9	0.3	203
11-Oct-21	64	41	89	3.9	0.3	197
12-Oct-21	61	41	97	5	0.3	205
13-Oct-21	64	38	95	4.5	0.2	202
14-Oct-21	65	43	92	4.5	0.3	205
15-Oct-21	67	43	94	4.4	0.3	208
16-Oct-21	66	37	80	4.4	0.3	187
17-Oct-21	56	35	77	4.2	0.3	173
18-Oct-21	51	39	100	4.1	0.3	194
19-Oct-21	55	40	99	4.1	0.2	198
20-Oct-21	66	42	85	4.7	0.2	198
21-Oct-21	67	46	89	4.9	0.2	207
22-Oct-21	66	46	92	4.7	0.2	209
23-Oct-21	60	41	84	4.7	0.3	190
24-Oct-21	52	40	84	4.6	0.3	181
25-Oct-21	68	38	91	4.6	0.3	202
26-Oct-21	64	40	97	4.7	0.2	205
27-Oct-21	59	42	101	4.7	0.3	206
28-Oct-21	63	43	95	4.9	0.3	206
29-Oct-21	65	43	59	4.6	0.3	171
30-Oct-21	67	43	76	4.4	0.3	190
31-Oct-21	65	44	73	4.5	0.3	187
01-Nov-21	64	42	59	4.7	0.3	171
02-Nov-21	55	42	69	4.5	0.3	170
03-Nov-21	59	41	67	4.6	0.3	172
04-Nov-21	60	39	71	4.8	0.3	175
05-Nov-21	54	39	80	4.8	0.3	178
06-Nov-21	56	36	88	5.2	0.3	186
07-Nov-21	55	36	64	4.7	0.3	161
08-Nov-21	56	40	66	4.7	0.3	167
09-Nov-21	56	41	73	4.7	0.3	175
10-Nov-21	53	40	72	4.6	0.3	170
11-Nov-21	58	39	45	4.6	0.3	147
12-Nov-21	58	37	42	4.6	0.3	142
13-Nov-21	57	35	61	4	0.3	156
14-Nov-21	58	34	65	4.7	0.2	161
15-Nov-21	56	35	71	4.5	0.2	166
16-Nov-21	57	34	68	4.6	0.3	164
17-Nov-21	53	27	58	4.4	0.3	143
18-Nov-21	51	20	36	4.7	0.3	112
19-Nov-21	52	20	42	5.2	0.3	119
20-Nov-21	47	29	59	4.4	0.3	140
21-Nov-21	55	33	66	4.4	0.3	158
22-Nov-21	61	35	84	4.2	0.1	184
23-Nov-21	61	38	84	4.4	0.1	188
24-Nov-21	60	42	75	4.8	0.4	181
25-Nov-21	61	42	76	4.7	0.2	183
26-Nov-21	59	41	79	4.6	0.3	183
27-Nov-21	59	40	69	4.7	0.3	174
28-Nov-21	55	40	45	4.8	0.3	146
29-Nov-21	58	37	47	4.4	0.3	146
30-Nov-21	56	30	68	4.8	0.3	159
01-Dec-21	32	16	74	4.8	0	127
02-Dec-21	40	17	74	4.8	0.3	136
03-Dec-21	57	30	79	4.5	0.3	171
04-Dec-21	57	30	80	4.5	0.2	172
05-Dec-21	52	31	77	4.2	0.3	165
06-Dec-21	50	34	87	4.2	0.2	176
07-Dec-21	59	33	93	4.8	0.2	191
08-Dec-21	59	33	90	4.3	0.2	186
09-Dec-21	63	32	65	4.4	0.3	163
10-Dec-21	63	35	75	4.4	0.2	177
11-Dec-21	63	38	83	4.6	0.2	189
12-Dec-21	64	37	81	4.6	0.3	187
13-Dec-21	53	34	76	4.6	0.3	168
14-Dec-21	62	35	70	4.7	0.3	172
15-Dec-21	56	33	77	4.2	0.3	171
16-Dec-21	57	34	99	4.7	0.3	196
17-Dec-21	56	33	98	4.8	0	192
18-Dec-21	67	38	103	4.6	0.3	213
19-Dec-21	68	42	104	4.7	0.3	219
20-Dec-21	66	42	103	4.9	0.3	216
21-Dec-21	64	41	103	4.9	0.3	213
22-Dec-21	61	40	100	4.8	0.2	207
23-Dec-21	36	38	106	4.4	0.3	184
24-Dec-21	48	34	104	5	0.3	191
25-Dec-21	47	35	103	4.6	0.2	190
26-Dec-21	24	34	101	4.5	0.3	164
27-Dec-21	41	30	97	5	0.3	173
28-Dec-21	23	21	101	4.3	0.3	150
29-Dec-21	55	31	95	4.1	0.1	185
30-Dec-21	49	34	94	4.4	0.1	182
31-Dec-21	41	32	67	4.2	0.3	144
01-Jan-22	61	31	76	4.3	0.3	172
02-Jan-22	61	33	89	4.6	0.3	187
03-Jan-22	61	36	97	4.8	0.3	199
04-Jan-22	38	34	102	4.8	0.3	179
05-Jan-22	13	25	102	4.8	0.3	145
06-Jan-22	27	21	101	4.8	0.3	155
07-Jan-22	12	31	92	4.8	0.3	140
08-Jan-22	49	37	79	4.6	0.3	169
09-Jan-22	53	35	89	4.6	0.3	182
10-Jan-22	61	37	96	4.3	0.2	199
11-Jan-22	61	34	92	4	0.2	191
12-Jan-22	66	39	87	3.8	0.2	197
13-Jan-22	70	40	94	3.9	0.2	208
14-Jan-22	62	39	97	4.3	0.2	203
15-Jan-22	64	39	97	4.3	0.3	205
16-Jan-22	65	34	90	4.7	0.4	194
17-Jan-22	68	36	93	4.8	0.3	202
18-Jan-22	66	39	106	4.7	0.2	216
19-Jan-22	63	43	108	4.7	0.3	220
20-Jan-22	63	43	110	4.8	0.2	222
21-Jan-22	56	37	110	4.7	0.4	207
22-Jan-22	63	35	110	4.8	0.3	213
23-Jan-22	63	35	111	4.2	0.2	214
24-Jan-22	72	41	107	4.2	0.3	224
25-Jan-22	75	43	102	4.5	0.3	225
26-Jan-22	79	45	89	4.7	0.3	217
27-Jan-22	79	47	86	4.8	0.3	217
28-Jan-22	83	48	121	4.7	0.4	256
29-Jan-22	82	43	105	5	0.3	234
30-Jan-22	80	47	108	5.1	0.4	240
31-Jan-22	73	45	108	5.4	0.3	232
01-Feb-22	74	45	107	5	0.2	231
02-Feb-22	75	45	107	5	0.3	232
03-Feb-22	69	40	106	4.9	0.3	221
04-Feb-22	77	45	116	4.4	0.1	243
05-Feb-22	78	46	114	5.1	0.2	243
06-Feb-22	79	47	101	5.1	0.4	233
07-Feb-22	72	46	110	5.1	0.4	233
08-Feb-22	68	43	108	5.1	0.4	225
09-Feb-22	77	41	105	4.8	0.4	228
10-Feb-22	85	41	106	4.6	0.3	238
11-Feb-22	88	46	104	5	0.3	244
12-Feb-22	92	48	103	5.3	0.3	247
13-Feb-22	91	48	105	5.3	0.5	250
14-Feb-22	88	46	109	5.2	0.5	248
15-Feb-22	86	43	101	5.2	0.5	236
16-Feb-22	88	43	105	5.1	0.4	241
17-Feb-22	89	43	106	4.8	0.4	244
18-Feb-22	82	42	107	5	0.4	236
19-Feb-22	86	43	113	5	0.4	247
20-Feb-22	88	49	118	4.8	0.4	260
21-Feb-22	87	49	110	5.2	0.3	252
22-Feb-22	85	49	112	5.2	0.5	252
23-Feb-22	78	47	119	5.2	0.4	250
24-Feb-22	81	47	113	5	0.4	246
25-Feb-22	85	46	121	5.1	0.4	258
26-Feb-22	87	47	118	4.8	0.4	257
27-Feb-22	91	46	123	5	0.4	266
28-Feb-22	88	46	126	5.2	0.4	265
01-Mar-22	86	47	125	5.1	0.5	263
02-Mar-22	80	47	120	5.2	0.5	253
03-Mar-22	91	46	118	5.2	0.4	261
04-Mar-22	94	47	119	5.5	0.5	266
05-Mar-22	91	48	119	5.2	0.4	264
06-Mar-22	74	44	114	5.6	0.5	238
07-Mar-22	93	43	106	5.3	0.5	249
08-Mar-22	89	42	113	5.2	0.5	250
09-Mar-22	88	43	119	5.3	0.4	256
10-Mar-22	90	44	108	5.2	0.5	248
11-Mar-22	92	45	109	5.2	0.5	251
12-Mar-22	91	46	107	5.4	0.3	251
13-Mar-22	91	48	114	5.3	0.3	259
14-Mar-22	93	46	117	6	0.4	262
15-Mar-22	94	48	115	5.2	0.4	262
16-Mar-22	95	49	110	5.4	0.5	260
17-Mar-22	95	50	109	5.3	0.4	259
18-Mar-22	94	48	109	5.2	0.4	257
19-Mar-22	97	47	104	5.4	0.4	254
20-Mar-22	89	46	93	4.6	0.4	234
21-Mar-22	89	47	106	4.9	0.4	248
22-Mar-22	93	44	85	5.2	0.4	227
23-Mar-22	92	42	98	4.5	0.4	237
24-Mar-22	92	38	97	5.1	0.3	233
25-Mar-22	93	41	98	4.8	0.3	237
26-Mar-22	98	46	99	4.8	0.4	248
27-Mar-22	97	48	103	4.7	0.4	252
28-Mar-22	99	49	111	5.4	0.3	265
29-Mar-22	100	51	111	5	0.2	267
30-Mar-22	99	48	108	5	0.2	260
31-Mar-22	104	48	111	5	0.1	268
01-Apr-22	102	49	107	4.9	0.4	263
02-Apr-22	103	50	103	4.9	0.2	261
03-Apr-22	101	50	107	4.9	0.2	263
04-Apr-22	101	52	107	5	0.2	266
05-Apr-22	100	51	103	4.5	0.2	260
06-Apr-22	101	50	107	5.2	0.2	264
07-Apr-22	101	50	109	5.4	0.1	266
08-Apr-22	99	48	107	5	0.3	260
09-Apr-22	100	50	101	5.1	0.2	255
10-Apr-22	99	50	93	5.1	0.3	247
11-Apr-22	99	48	101	5	0.3	253
12-Apr-22	100	48	105	5.1	0.4	259
13-Apr-22	91	49	108	4.9	0.2	253
14-Apr-22	91	50	99	5.1	0.2	246
15-Apr-22	100	50	97	5.2	0.5	253
16-Apr-22	101	50	100	5.1	0.5	256
17-Apr-22	101	52	100	5.1	0.4	259
18-Apr-22	98	51	112	5.2	0.4	266
19-Apr-22	96	51	109	5.2	0.5	261
20-Apr-22	89	43	114	5.1	0.3	252
21-Apr-22	92	41	110	4.9	0.5	248
22-Apr-22	101	49	105	5.3	0.3	261
23-Apr-22	100	49	97	5.1	0.3	251
24-Apr-22	97	49	112	5.4	0.4	264
25-Apr-22	95	53	110	5.8	0.4	264
26-Apr-22	102	54	112	5.3	0.5	274
27-Apr-22	103	53	111	5.5	0.5	274
28-Apr-22	105	53	111	5.1	0.7	274
29-Apr-22	108	55	113	4.7	0.8	281
30-Apr-22	101	55	113	4.4	0.5	274
01-May-22	104	53	113	4.4	0.7	274
02-May-22	96	53	114	5.3	0.4	269
03-May-22	98	55	111	5	0.5	269
04-May-22	92	50	100	5.1	0.7	248
05-May-22	92	54	106	5.1	0.8	257
06-May-22	97	51	112	5.1	0.9	267
07-May-22	104	52	107	5.2	0.6	268
08-May-22	104	53	96	5.5	0.8	259
09-May-22	107	50	91	5.6	0.8	255
10-May-22	109	49	90	4.9	0.5	253
11-May-22	105	48	42	4.8	0.5	200
12-May-22	105	50	61	4.3	0.5	221
13-May-22	107	49	89	5	0.2	250
14-May-22	110	53	107	5.1	0	274
15-May-22	108	52	96	5.5	0.2	261
16-May-22	99	50	95	5	0.2	249
17-May-22	104	50	90	5.5	0.2	250
18-May-22	106	48	74	5.4	0.5	233
19-May-22	105	48	77	5.4	0.4	236
20-May-22	97	49	89	5.2	0.4	240
21-May-22	102	50	86	5.1	0.4	243
22-May-22	108	49	109	5.1	0.8	272
23-May-22	82	44	116	5.2	0.6	248
24-May-22	100	48	116	5.4	0.7	270
25-May-22	104	49	114	5.5	0.5	273
26-May-22	107	51	114	5.5	0.7	277
27-May-22	105	51	120	5.3	0.7	282
28-May-22	105	50	110	5	0.7	270
29-May-22	104	48	120	5	0.8	278
30-May-22	108	49	119	5	0.7	281
31-May-22	109	51	103	4.9	0.4	268
01-Jun-22	109	51	114	4.5	0.5	279
02-Jun-22	104	52	115	4.9	0.5	277
03-Jun-22	110	52	114	4.9	0.4	281
04-Jun-22	114	51	113	4.8	0.5	284
05-Jun-22	112	52	136	5.3	0.4	306
06-Jun-22	111	51	85	5.5	0.4	253
07-Jun-22	110	52	97	5.3	0.5	266
08-Jun-22	109	53	106	4.6	0.5	273
09-Jun-22	112	53	113	5.4	0.4	284
10-Jun-22	109	52	106	6.3	0.5	273
11-Jun-22	114	47	111	5.3	0.6	277
12-Jun-22	114	42	110	5.7	0.4	273
13-Jun-22	97	41	104	5.7	0.2	249
14-Jun-22	93	50	114	5.5	0.2	263
15-Jun-22	114	46	87	5.5	0.2	254
16-Jun-22	109	45	103	4.1	0.2	261
17-Jun-22	110	48	96	4.6	0.2	259
18-Jun-22	83	44	93	4.3	0.2	225
19-Jun-22	88	42	116	6.2	0.4	252
20-Jun-22	93	46	101	5.2	0.6	245
21-Jun-22	67	47	90	5.3	0.6	209
22-Jun-22	103	46	96	5.4	2.4	254
23-Jun-22	110	45	103	5.6	1.9	265
24-Jun-22	112	48	106	4.1	0.5	270
25-Jun-22	115	47	82	4.2	0.6	249
26-Jun-22	117	46	92	4.7	0.6	260
27-Jun-22	109	36	86	5.1	0.5	237
28-Jun-22	108	42	86	5.2	0.2	241
29-Jun-22	102	40	103	5.1	0.3	251
30-Jun-22	101	35	95	5.2	0.5	236
01-Jul-22	63	38	99	5.5	0.6	206
02-Jul-22	57	36	96	5.1	0.7	194
03-Jul-22	65	42	86	4.2	0.6	198
04-Jul-22	87	37	81	5.3	0.6	211
05-Jul-22	106	34	74	5.3	0.7	220
06-Jul-22	107	37	61	5.1	0	210
07-Jul-22	93	34	69	4.6	0.8	201
08-Jul-22	104	29	60	4.7	0.4	198
09-Jul-22	101	32	57	4.6	0.8	195
10-Jul-22	86	33	58	4.8	0.7	183
11-Jul-22	102	28	56	4.4	0.6	191
12-Jul-22	109	28	66	4.3	0.7	208
13-Jul-22	104	31	59	4.5	0.8	199
14-Jul-22	90	31	80	4.4	0.8	206
15-Jul-22	74	32	88	4.6	0.7	199
16-Jul-22	91	40	85	4.4	0.8	220
17-Jul-22	83	40	77	4.4	0.6	205
18-Jul-22	92	28	70	4.5	0.8	195
19-Jul-22	93	26	101	4.5	0.5	226
20-Jul-22	110	36	107	4.2	0.6	258
21-Jul-22	86	38	92	4	0.5	220
22-Jul-22	81	36	66	4.2	0.7	189
23-Jul-22	76	29	71	4.5	0.7	182
24-Jul-22	96	24	84	4.3	0.6	208
25-Jul-22	89	29	98	4.5	0.5	221
26-Jul-22	60	25	66	4.7	0.4	156
27-Jul-22	56	38	94	5	0.6	194
28-Jul-22	68	43	105	4.5	0.6	221
29-Jul-22	94	43	103	4.5	0.6	244
30-Jul-22	90	41	103	4.6	0.5	240
31-Jul-22	100	42	102	4.4	0.3	249
01-Aug-22	82	40	92	4.7	0.5	219
02-Aug-22	102	37	93	4.4	0.7	237
03-Aug-22	102	41	79	4.6	0.6	226
04-Aug-22	85	36	69	4.8	0.8	196
05-Aug-22	88	35	76	4.7	0.7	204
06-Aug-22	95	38	83	4.2	0.7	220
07-Aug-22	85	37	76	4	0.7	203
08-Aug-22	91	34	63	4.2	0.9	192
09-Aug-22	116	34	76	3.9	0.7	231
10-Aug-22	118	34	92	3.9	0.5	249
11-Aug-22	98	25	97	4	0.9	225
12-Aug-22	85	36	96	4.3	0.9	223
13-Aug-22	59	39	91	4	0.4	193
14-Aug-22	97	36	71	3.8	0.4	208
15-Aug-22	83	24	85	4	0.5	197
16-Aug-22	95	23	114	4.9	0.8	237
17-Aug-22	63	30	116	4.7	0.7	214
18-Aug-22	78	41	108	4.9	0.7	232
19-Aug-22	97	39	97	4	0.9	238
20-Aug-22	83	34	96	3.9	0.8	218
21-Aug-22	97	32	100	4.3	0.9	235
22-Aug-22	98	30	95	4.8	0.8	229
23-Aug-22	92	28	103	5.3	0.6	229
24-Aug-22	80	38	90	4.7	0.9	214
25-Aug-22	87	41	97	5	0.7	232
26-Aug-22	101	47	84	4.8	0.8	237
27-Aug-22	111	48	91	4.9	0.5	255
28-Aug-22	104	45	94	4.3	0.3	247
29-Aug-22	109	38	77	4.9	0.6	229
30-Aug-22	105	45	97	4.9	0.6	253
31-Aug-22	116	46	98	4.9	0.5	265
01-Sep-22	120	35	141	5.1	0.5	301
02-Sep-22	120	44	102	4.8	0.6	273
03-Sep-22	128	47	109	4.5	0.7	289
04-Sep-22	116	43	96	4.8	0.6	261
05-Sep-22	116	45	101	4.9	0.7	268
06-Sep-22	113	47	105	4.7	0.7	270
07-Sep-22	118	48	92	4.9	0.8	264
08-Sep-22	115	46	73	2	0.7	236
09-Sep-22	110	47	90	4.7	0.7	252
10-Sep-22	105	42	77	4.2	0.9	229
11-Sep-22	108	42	73	4.4	1	229
12-Sep-22	95	34	89	4.6	0.6	223
13-Sep-22	106	35	91	4.1	0.6	237
14-Sep-22	98	34	98	4.7	0.7	236
15-Sep-22	104	27	99	4.8	0.6	236
16-Sep-22	115	40	100	5	0.7	261
17-Sep-22	112	47	111	4.7	0.7	275
18-Sep-22	119	50	108	4.5	0.8	282
19-Sep-22	119	43	96	4.5	0.8	264
20-Sep-22	115	46	97	3.8	0.7	262
21-Sep-22	110	46	105	4.5	0.5	266
22-Sep-22	109	43	110	4.5	0.6	266
23-Sep-22	107	39	115	4.7	0.7	267
24-Sep-22	102	47	116	4.8	0.6	270
25-Sep-22	106	49	115	4.8	0.4	276
26-Sep-22	111	44	75	5	0.7	235
27-Sep-22	118	47	96	5.1	0.7	268
28-Sep-22	118	46	88	5.3	0.8	259
29-Sep-22	120	52	76	4.7	0.6	253
30-Sep-22	118	54	64	5	0.9	242
01-Oct-22	123	54	73	5.3	0.9	256
02-Oct-22	125	53	93	5.7	0.6	276
03-Oct-22	126	51	107	4.4	0.3	289
04-Oct-22	119	51	88	3.7	0.7	262
05-Oct-22	118	48	79	4.7	0.6	250
06-Oct-22	117	32	53	4.2	0.9	207
07-Oct-22	108	34	82	5	0.7	231
08-Oct-22	95	39	104	4.8	0.6	244
09-Oct-22	111	44	66	4.7	0.4	226
10-Oct-22	106	44	72	5.2	0.6	228
11-Oct-22	113	45	86	4.6	0.5	249
12-Oct-22	114	46	81	4.5	0.4	246
13-Oct-22	117	53	85	5	0.5	261
14-Oct-22	119	52	93	5.4	0.7	271
15-Oct-22	118	56	84	5.5	0.8	265
16-Oct-22	118	51	87	5.6	0.9	262
17-Oct-22	118	52	91	4.7	0.8	267
18-Oct-22	115	50	97	4.9	0.8	266
19-Oct-22	115	55	95	5	0.9	271
20-Oct-22	114	48	97	5.1	0.9	265
21-Oct-22	110	48	94	5	1	258
22-Oct-22	111	52	107	5.6	0.9	277
23-Oct-22	112	54	116	6.1	0.5	288
24-Oct-22	113	54	109	5.8	0.2	282
25-Oct-22	111	55	121	5.5	0.2	292
26-Oct-22	111	55	118	5.6	0.5	289
27-Oct-22	108	52	106	5.2	0.7	273
28-Oct-22	107	54	94	4.7	0.8	260
29-Oct-22	105	49	100	5.3	1	261
30-Oct-22	110	52	85	5.6	0.9	254
31-Oct-22	110	50	114	5	0.9	280
